   120     48     16     32
            2.5               0
2.4148145657227 0.6470476127563
2.1650635094611            1.25
1.7677669529664 1.7677669529664
           1.25 2.1650635094611
0.6470476127563 2.4148145657227
1.5308084989342e-16             2.5
-0.6470476127563 2.4148145657227
          -1.25 2.1650635094611
-1.7677669529664 1.7677669529664
-2.1650635094611            1.25
-2.4148145657227 0.6470476127563
           -2.5 3.0616169978684e-16
-2.4148145657227 -0.6470476127563
-2.1650635094611           -1.25
-1.7677669529664 -1.7677669529664
          -1.25 -2.1650635094611
-0.6470476127563 -2.4148145657227
-4.5924254968026e-16            -2.5
0.6470476127563 -2.4148145657227
           1.25 -2.1650635094611
1.7677669529664 -1.7677669529664
2.1650635094611           -1.25
2.4148145657227 -0.6470476127563
           1.75               0
1.5825317547305           0.625
1.4360851453238 0.97855339059327
0.97855339059327 1.4360851453238
          0.625 1.5825317547305
1.0715659492539e-16            1.75
         -0.625 1.5825317547305
-0.97855339059327 1.4360851453238
-1.4360851453238 0.97855339059327
-1.5825317547305           0.625
          -1.75 2.1431318985079e-16
-1.5825317547305          -0.625
-1.4360851453238 -0.97855339059327
-0.97855339059327 -1.4360851453238
         -0.625 -1.5825317547305
-3.2146978477618e-16           -1.75
          0.625 -1.5825317547305
0.97855339059327 -1.4360851453238
1.4360851453238 -0.97855339059327
1.5825317547305          -0.625
           3.25               0
3.0977590650226 0.76536686473018
2.9302908197531 1.3903668647302
2.4967453171036 2.0392135623731
2.0392135623731 2.4967453171036
1.3903668647302 2.9302908197531
0.76536686473018 3.0977590650226
1.9900510486144e-16            3.25
-0.76536686473018 3.0977590650226
-1.3903668647302 2.9302908197531
-2.0392135623731 2.4967453171036
-2.4967453171036 2.0392135623731
-2.9302908197531 1.3903668647302
-3.0977590650226 0.76536686473018
          -3.25 3.9801020972289e-16
-3.0977590650226 -0.76536686473018
-2.9302908197531 -1.3903668647302
-2.4967453171036 -2.0392135623731
-2.0392135623731 -2.4967453171036
-1.3903668647302 -2.9302908197531
-0.76536686473018 -3.0977590650226
-5.9701531458433e-16           -3.25
0.76536686473018 -3.0977590650226
1.3903668647302 -2.9302908197531
2.0392135623731 -2.4967453171036
2.4967453171036 -2.0392135623731
2.9302908197531 -1.3903668647302
3.0977590650226 -0.76536686473018
              4               0
3.9231411216129 0.78036128806451
3.6955181300451 1.5307337294604
3.3258784492102 2.2222809320784
2.8284271247462 2.8284271247462
2.2222809320784 3.3258784492102
1.5307337294604 3.6955181300451
0.78036128806451 3.9231411216129
2.4492935982947e-16               4
-0.78036128806451 3.9231411216129
-1.5307337294604 3.6955181300451
-2.2222809320784 3.3258784492102
-2.8284271247462 2.8284271247462
-3.3258784492102 2.2222809320784
-3.6955181300451 1.5307337294604
-3.9231411216129 0.78036128806451
             -4 4.8985871965894e-16
-3.9231411216129 -0.78036128806451
-3.6955181300451 -1.5307337294604
-3.3258784492102 -2.2222809320784
-2.8284271247462 -2.8284271247462
-2.2222809320784 -3.3258784492102
-1.5307337294604 -3.6955181300451
-0.78036128806451 -3.9231411216129
-7.3478807948841e-16              -4
0.78036128806451 -3.9231411216129
1.5307337294604 -3.6955181300451
2.2222809320784 -3.3258784492102
2.8284271247462 -2.8284271247462
3.3258784492102 -2.2222809320784
3.6955181300451 -1.5307337294604
3.9231411216129 -0.78036128806451
              1               0
0.92387953251129 0.38268343236509
0.70710678118655 0.70710678118655
0.38268343236509 0.92387953251129
6.1232339957368e-17               1
-0.38268343236509 0.92387953251129
-0.70710678118655 0.70710678118655
-0.92387953251129 0.38268343236509
             -1 1.2246467991474e-16
-0.92387953251129 -0.38268343236509
-0.70710678118655 -0.70710678118655
-0.38268343236509 -0.92387953251129
-1.836970198721e-16              -1
0.38268343236509 -0.92387953251129
0.70710678118655 -0.70710678118655
0.92387953251129 -0.38268343236509
   105      1      3      2     26     25
   105      3    107     27    106     26
   107      3      5      4     28     27
   107      5    109     29    108     28
   109      5      7      6     30     29
   109      7      9      8     31     30
   109      9    111     32    110     31
   111      9     11     10     33     32
   111     11    113     34    112     33
   113     11     13     12     35     34
   113     13     15     14     36     35
   113     15    115     37    114     36
   115     15     17     16     38     37
   115     17    117     39    116     38
   117     17     19     18     40     39
   117     19     21     20     41     40
   117     21    119     42    118     41
   119     21     23     22     43     42
   119     23    105     44    120     43
   105     23      1     24     25     44
     1     73     75     74     46     45
     1     75      3     47      2     46
     3     75     77     76     48     47
     3     77      5     49      4     48
     5     77     79     78     50     49
     5     79      7     51      6     50
     7     79     81     80     52     51
     7     81     83     82     53     52
     7     83      9     54      8     53
     9     83     85     84     55     54
     9     85     11     56     10     55
    11     85     87     86     57     56
    11     87     13     58     12     57
    13     87     89     88     59     58
    13     89     91     90     60     59
    13     91     15     61     14     60
    15     91     93     92     62     61
    15     93     17     63     16     62
    17     93     95     94     64     63
    17     95     19     65     18     64
    19     95     97     96     66     65
    19     97     99     98     67     66
    19     99     21     68     20     67
    21     99    101    100     69     68
    21    101     23     70     22     69
    23    101    103    102     71     70
    23    103      1     72     24     71
     1    103     73    104     45     72
   105 
   106 
   107 
   108 
   109 
   110 
   111 
   112 
   113 
   114 
   115 
   116 
   117 
   118 
   119 
   120 
    73 
    74 
    75 
    76 
    77 
    78 
    79 
    80 
    81 
    82 
    83 
    84 
    85 
    86 
    87 
    88 
    89 
    90 
    91 
    92 
    93 
    94 
    95 
    96 
    97 
    98 
    99 
   100 
   101 
   102 
   103 
   104 
              1
              1
              1
              1
              1
              1
              1
              1
              1
              1
              1
              1
              1
              1
              1
              1
              1
              1
              1
              1
              1
              1
              1
              1
              1
              1
              1
              1
              1
              1
              1
              1
              1
              1
              1
              1
              1
              1
              1
              1
              1
              1
              1
              1
              1
              1
              1
              1
