   132    220    352    308
     1 1.6208024900096               0
     2 1.4974262467632 0.62025426006274
     3 1.1460804316498 1.1460804316498
     4 0.62025426006274 1.4974262467632
     5 9.9245529072014e-17 1.6208024900096
     6 -0.62025426006274 1.4974262467632
     7 -1.1460804316498 1.1460804316498
     8 -1.4974262467632 0.62025426006274
     9 -1.6208024900096 1.9849105814403e-16
    10 -1.4974262467632 -0.62025426006274
    11 -1.1460804316498 -1.1460804316498
    12 -0.62025426006274 -1.4974262467632
    13 -2.9773658721604e-16 -1.6208024900096
    14 0.62025426006274 -1.4974262467632
    15 1.1460804316498 -1.1460804316498
    16 1.4974262467632 -0.62025426006274
    17 2.2182292880045               0
    18 2.1096614189935 0.68547054741365
    19 1.7945851914159 1.3038424616923
    20 1.3038424616923 1.7945851914159
    21 0.68547054741365 2.1096614189935
    22 1.3582736986648e-16 2.2182292880045
    23 -0.68547054741365 2.1096614189935
    24 -1.3038424616923 1.7945851914159
    25 -1.7945851914159 1.3038424616923
    26 -2.1096614189935 0.68547054741365
    27 -2.2182292880045 2.7165473973297e-16
    28 -2.1096614189935 -0.68547054741364
    29 -1.7945851914159 -1.3038424616923
    30 -1.3038424616923 -1.7945851914159
    31 -0.68547054741365 -2.1096614189935
    32 -4.0748210959945e-16 -2.2182292880045
    33 0.68547054741365 -2.1096614189935
    34 1.3038424616923 -1.7945851914159
    35 1.7945851914159 -1.3038424616923
    36 2.1096614189935 -0.68547054741365
    37   2.81607507958               0
    38 2.7201196481353 0.72885386303389
    39 2.4387925578805   1.40803753979
    40 1.9912657851014 1.9912657851014
    41   1.40803753979 2.4387925578805
    42 0.72885386303389 2.7201196481353
    43 1.7243486661831e-16   2.81607507958
    44 -0.72885386303389 2.7201196481353
    45  -1.40803753979 2.4387925578805
    46 -1.9912657851014 1.9912657851014
    47 -2.4387925578805   1.40803753979
    48 -2.7201196481353 0.72885386303389
    49  -2.81607507958 3.4486973323662e-16
    50 -2.7201196481353 -0.72885386303389
    51 -2.4387925578805  -1.40803753979
    52 -1.9912657851014 -1.9912657851014
    53  -1.40803753979 -2.4387925578805
    54 -0.72885386303389 -2.7201196481353
    55 -5.1730459985493e-16  -2.81607507958
    56 0.72885386303389 -2.7201196481353
    57   1.40803753979 -2.4387925578805
    58 1.9912657851014 -1.9912657851014
    59 2.4387925578805  -1.40803753979
    60 2.7201196481353 -0.72885386303389
    61 3.4143213874733               0
    62 3.3287172218071 0.75975798396758
    63 3.0761972751269  1.481418530146
    64 2.6694239519906 2.1287945653578
    65 2.1287945653578 2.6694239519906
    66  1.481418530146 3.0761972751269
    67 0.75975798396758 3.3287172218071
    68 2.0906688792148e-16 3.4143213874733
    69 -0.75975798396758 3.3287172218071
    70 -1.481418530146 3.0761972751269
    71 -2.1287945653578 2.6694239519906
    72 -2.6694239519906 2.1287945653578
    73 -3.0761972751269  1.481418530146
    74 -3.3287172218071 0.75975798396758
    75 -3.4143213874733 4.1813377584296e-16
    76 -3.3287172218071 -0.75975798396758
    77 -3.0761972751269 -1.481418530146
    78 -2.6694239519906 -2.1287945653578
    79 -2.1287945653578 -2.6694239519906
    80 -1.481418530146 -3.0761972751269
    81 -0.75975798396759 -3.3287172218071
    82 -6.2720066376443e-16 -3.4143213874733
    83 0.75975798396758 -3.3287172218071
    84  1.481418530146 -3.0761972751269
    85 2.1287945653578 -2.6694239519906
    86 2.6694239519906 -2.1287945653578
    87 3.0761972751269 -1.481418530146
    88 3.3287172218071 -0.75975798396759
    89 4.0128883219937               0
    90 3.9357817981134 0.7828756749525
    91 3.7074253869435 1.5356658767583
    92 3.3365946973015 2.2294413001317
    93  2.837540544626  2.837540544626
    94 2.2294413001317 3.3365946973015
    95 1.5356658767583 3.7074253869435
    96 0.7828756749525 3.9357817981134
    97 2.4571854194327e-16 4.0128883219937
    98 -0.7828756749525 3.9357817981134
    99 -1.5356658767583 3.7074253869435
   100 -2.2294413001317 3.3365946973015
   101 -2.837540544626  2.837540544626
   102 -3.3365946973015 2.2294413001317
   103 -3.7074253869435 1.5356658767583
   104 -3.9357817981134 0.7828756749525
   105 -4.0128883219937 4.9143708388653e-16
   106 -3.9357817981134 -0.7828756749525
   107 -3.7074253869435 -1.5356658767583
   108 -3.3365946973015 -2.2294413001317
   109 -2.837540544626 -2.837540544626
   110 -2.2294413001317 -3.3365946973015
   111 -1.5356658767583 -3.7074253869435
   112 -0.7828756749525 -3.9357817981134
   113 -7.371556258298e-16 -4.0128883219937
   114 0.7828756749525 -3.9357817981134
   115 1.5356658767583 -3.7074253869435
   116 2.2294413001317 -3.3365946973015
   117  2.837540544626 -2.837540544626
   118 3.3365946973015 -2.2294413001317
   119 3.7074253869435 -1.5356658767583
   120 3.9357817981134 -0.7828756749525
   121 1.0233267079465               0
   122 0.88622692545276 0.51166335397324
   123 0.51166335397324 0.88622692545276
   124 6.2660688868433e-17 1.0233267079465
   125 -0.51166335397324 0.88622692545276
   126 -0.88622692545276 0.51166335397324
   127 -1.0233267079465 1.2532137773687e-16
   128 -0.88622692545276 -0.51166335397324
   129 -0.51166335397324 -0.88622692545276
   130 -1.879820666053e-16 -1.0233267079465
   131 0.51166335397324 -0.88622692545276
   132 0.88622692545276 -0.51166335397324
     1    121      1      2
     2      2    122    121
     3    122      2      3
     4      3    123    122
     5    123      3      4
     6      4    124    123
     7    124      4      5
     8    124      5      6
     9      6    125    124
    10    125      6      7
    11    125      7    126
    12    126      7      8
    13    126      8    127
    14    127      8      9
    15    127      9     10
    16    127     10    128
    17    128     10     11
    18    128     11    129
    19    129     11     12
    20    130    129     12
    21    130     12     13
    22    130     13     14
    23    131    130     14
    24    131     14     15
    25    132    131     15
    26    132     15     16
    27    121    132     16
    28    121     16      1
    29      1     17     18
    30     18      2      1
    31      2     18     19
    32     19      3      2
    33      3     19     20
    34     20      4      3
    35      4     20     21
    36     21      5      4
    37      5     21     22
    38      5     22     23
    39     23      6      5
    40      6     23     24
    41      6     24      7
    42      7     24     25
    43      7     25      8
    44      8     25     26
    45      8     26      9
    46      9     26     27
    47      9     27     28
    48      9     28     10
    49     10     28     29
    50     10     29     11
    51     11     29     30
    52     11     30     12
    53     12     30     31
    54     13     12     31
    55     13     31     32
    56     13     32     33
    57     14     13     33
    58     14     33     34
    59     15     14     34
    60     15     34     35
    61     16     15     35
    62     16     35     36
    63      1     16     36
    64      1     36     17
    65     17     37     38
    66     38     18     17
    67     18     38     39
    68     39     19     18
    69     19     39     40
    70     40     20     19
    71     20     40     41
    72     41     21     20
    73     21     41     42
    74     42     22     21
    75     22     42     43
    76     22     43     44
    77     44     23     22
    78     23     44     45
    79     45     24     23
    80     24     45     46
    81     24     46     25
    82     25     46     47
    83     25     47     26
    84     26     47     48
    85     26     48     27
    86     27     48     49
    87     27     49     50
    88     27     50     28
    89     28     50     51
    90     28     51     29
    91     29     51     52
    92     29     52     30
    93     30     52     53
    94     31     30     53
    95     31     53     54
    96     32     31     54
    97     32     54     55
    98     32     55     56
    99     33     32     56
   100     33     56     57
   101     34     33     57
   102     34     57     58
   103     35     34     58
   104     35     58     59
   105     36     35     59
   106     36     59     60
   107     17     36     60
   108     17     60     37
   109     37     61     62
   110     62     38     37
   111     38     62     63
   112     63     39     38
   113     39     63     64
   114     64     40     39
   115     40     64     65
   116     65     41     40
   117     41     65     66
   118     66     42     41
   119     42     66     67
   120     67     43     42
   121     43     67     68
   122     43     68     69
   123     69     44     43
   124     44     69     70
   125     70     45     44
   126     45     70     71
   127     45     71     46
   128     46     71     72
   129     46     72     47
   130     47     72     73
   131     47     73     48
   132     48     73     74
   133     48     74     49
   134     49     74     75
   135     49     75     76
   136     49     76     50
   137     50     76     77
   138     50     77     51
   139     51     77     78
   140     51     78     52
   141     52     78     79
   142     52     79     53
   143     53     79     80
   144     54     53     80
   145     54     80     81
   146     55     54     81
   147     55     81     82
   148     55     82     83
   149     56     55     83
   150     56     83     84
   151     57     56     84
   152     57     84     85
   153     58     57     85
   154     58     85     86
   155     59     58     86
   156     59     86     87
   157     60     59     87
   158     60     87     88
   159     37     60     88
   160     37     88     61
   161     61     89     90
   162     90     62     61
   163     62     90     91
   164     91     63     62
   165     63     91     92
   166     92     64     63
   167     64     92     93
   168     93     65     64
   169     65     93     94
   170     94     66     65
   171     66     94     95
   172     95     67     66
   173     67     95     96
   174     96     68     67
   175     68     96     97
   176     68     97     98
   177     98     69     68
   178     69     98     99
   179     99     70     69
   180     70     99    100
   181     70    100     71
   182     71    100    101
   183     71    101     72
   184     72    101    102
   185     72    102     73
   186     73    102    103
   187     73    103     74
   188     74    103    104
   189     74    104     75
   190     75    104    105
   191     75    105    106
   192     75    106     76
   193     76    106    107
   194     76    107     77
   195     77    107    108
   196     77    108     78
   197     78    108    109
   198     78    109     79
   199     79    109    110
   200     79    110     80
   201     80    110    111
   202     81     80    111
   203     81    111    112
   204     82     81    112
   205     82    112    113
   206     82    113    114
   207     83     82    114
   208     83    114    115
   209     84     83    115
   210     84    115    116
   211     85     84    116
   212     85    116    117
   213     86     85    117
   214     86    117    118
   215     87     86    118
   216     87    118    119
   217     88     87    119
   218     88    119    120
   219     61     88    120
   220     61    120     89
     1      2      3      1
     2    309      3      4
     3      5      6      4
     4    310      6      7
     5      8      9      7
     6    311      9     10
     7     11     12     10
     8     13     14     12
     9    312     14     15
    10     16     17     15
    11     18    313     17
    12     19     20     18
    13     21    314     20
    14     22     23     21
    15     24     25     23
    16     26    315     25
    17     27     28     26
    18     29    316     28
    19     30     31     29
    20     31     32    317
    21     33     34     32
    22     35     36     34
    23     36     37    318
    24     38     39     37
    25     39     40    319
    26     41     42     40
    27     42     43    320
    28     44      1     43
    29     46     47     45
    30      2     47     48
    31     49     50     48
    32      5     50     51
    33     52     53     51
    34      8     53     54
    35     55     56     54
    36     11     56     57
    37     58     59     57
    38     60     61     59
    39     13     61     62
    40     63     64     62
    41     65     16     64
    42     66     67     65
    43     68     19     67
    44     69     70     68
    45     71     22     70
    46     72     73     71
    47     74     75     73
    48     76     24     75
    49     77     78     76
    50     79     27     78
    51     80     81     79
    52     82     30     81
    53     83     84     82
    54     84     85     33
    55     86     87     85
    56     88     89     87
    57     89     90     35
    58     91     92     90
    59     92     93     38
    60     94     95     93
    61     95     96     41
    62     97     98     96
    63     98     99     44
    64    100     45     99
    65    102    103    101
    66     46    103    104
    67    105    106    104
    68     49    106    107
    69    108    109    107
    70     52    109    110
    71    111    112    110
    72     55    112    113
    73    114    115    113
    74     58    115    116
    75    117    118    116
    76    119    120    118
    77     60    120    121
    78    122    123    121
    79     63    123    124
    80    125    126    124
    81    127     66    126
    82    128    129    127
    83    130     69    129
    84    131    132    130
    85    133     72    132
    86    134    135    133
    87    136    137    135
    88    138     74    137
    89    139    140    138
    90    141     77    140
    91    142    143    141
    92    144     80    143
    93    145    146    144
    94    146    147     83
    95    148    149    147
    96    149    150     86
    97    151    152    150
    98    153    154    152
    99    154    155     88
   100    156    157    155
   101    157    158     91
   102    159    160    158
   103    160    161     94
   104    162    163    161
   105    163    164     97
   106    165    166    164
   107    166    167    100
   108    168    101    167
   109    170    171    169
   110    102    171    172
   111    173    174    172
   112    105    174    175
   113    176    177    175
   114    108    177    178
   115    179    180    178
   116    111    180    181
   117    182    183    181
   118    114    183    184
   119    185    186    184
   120    117    186    187
   121    188    189    187
   122    190    191    189
   123    119    191    192
   124    193    194    192
   125    122    194    195
   126    196    197    195
   127    198    125    197
   128    199    200    198
   129    201    128    200
   130    202    203    201
   131    204    131    203
   132    205    206    204
   133    207    134    206
   134    208    209    207
   135    210    211    209
   136    212    136    211
   137    213    214    212
   138    215    139    214
   139    216    217    215
   140    218    142    217
   141    219    220    218
   142    221    145    220
   143    222    223    221
   144    223    224    148
   145    225    226    224
   146    226    227    151
   147    228    229    227
   148    230    231    229
   149    231    232    153
   150    233    234    232
   151    234    235    156
   152    236    237    235
   153    237    238    159
   154    239    240    238
   155    240    241    162
   156    242    243    241
   157    243    244    165
   158    245    246    244
   159    246    247    168
   160    248    169    247
   161    321    250    249
   162    170    250    251
   163    322    252    251
   164    173    252    253
   165    323    254    253
   166    176    254    255
   167    324    256    255
   168    179    256    257
   169    325    258    257
   170    182    258    259
   171    326    260    259
   172    185    260    261
   173    327    262    261
   174    188    262    263
   175    328    264    263
   176    329    265    264
   177    190    265    266
   178    330    267    266
   179    193    267    268
   180    331    269    268
   181    270    196    269
   182    332    271    270
   183    272    199    271
   184    333    273    272
   185    274    202    273
   186    334    275    274
   187    276    205    275
   188    335    277    276
   189    278    208    277
   190    336    279    278
   191    337    280    279
   192    281    210    280
   193    338    282    281
   194    283    213    282
   195    339    284    283
   196    285    216    284
   197    340    286    285
   198    287    219    286
   199    341    288    287
   200    289    222    288
   201    342    290    289
   202    290    291    225
   203    343    292    291
   204    292    293    228
   205    344    294    293
   206    345    295    294
   207    295    296    230
   208    346    297    296
   209    297    298    233
   210    347    299    298
   211    299    300    236
   212    348    301    300
   213    301    302    239
   214    349    303    302
   215    303    304    242
   216    350    305    304
   217    305    306    245
   218    351    307    306
   219    307    308    248
   220    352    249    308
     1               1
     2               1
     3               1
     4               1
     5               1
     6               1
     7               1
     8               1
     9               1
    10               1
    11               1
    12               1
    13               1
    14               1
    15               1
    16               1
    17               1
    18               1
    19               1
    20               1
    21               1
    22               1
    23               1
    24               1
    25               1
    26               1
    27               1
    28               1
    29               1
    30               1
    31               1
    32               1
    33               1
    34               1
    35               1
    36               1
    37               1
    38               1
    39               1
    40               1
    41               1
    42               1
    43               1
    44               1
    45               1
    46               1
    47               1
    48               1
    49               1
    50               1
    51               1
    52               1
    53               1
    54               1
    55               1
    56               1
    57               1
    58               1
    59               1
    60               1
    61               1
    62               1
    63               1
    64               1
    65               1
    66               1
    67               1
    68               1
    69               1
    70               1
    71               1
    72               1
    73               1
    74               1
    75               1
    76               1
    77               1
    78               1
    79               1
    80               1
    81               1
    82               1
    83               1
    84               1
    85               1
    86               1
    87               1
    88               1
    89               1
    90               1
    91               1
    92               1
    93               1
    94               1
    95               1
    96               1
    97               1
    98               1
    99               1
   100               1
   101               1
   102               1
   103               1
   104               1
   105               1
   106               1
   107               1
   108               1
   109               1
   110               1
   111               1
   112               1
   113               1
   114               1
   115               1
   116               1
   117               1
   118               1
   119               1
   120               1
   121               1
   122               1
   123               1
   124               1
   125               1
   126               1
   127               1
   128               1
   129               1
   130               1
   131               1
   132               1
   133               1
   134               1
   135               1
   136               1
   137               1
   138               1
   139               1
   140               1
   141               1
   142               1
   143               1
   144               1
   145               1
   146               1
   147               1
   148               1
   149               1
   150               1
   151               1
   152               1
   153               1
   154               1
   155               1
   156               1
   157               1
   158               1
   159               1
   160               1
   161               1
   162               1
   163               1
   164               1
   165               1
   166               1
   167               1
   168               1
   169               1
   170               1
   171               1
   172               1
   173               1
   174               1
   175               1
   176               1
   177               1
   178               1
   179               1
   180               1
   181               1
   182               1
   183               1
   184               1
   185               1
   186               1
   187               1
   188               1
   189               1
   190               1
   191               1
   192               1
   193               1
   194               1
   195               1
   196               1
   197               1
   198               1
   199               1
   200               1
   201               1
   202               1
   203               1
   204               1
   205               1
   206               1
   207               1
   208               1
   209               1
   210               1
   211               1
   212               1
   213               1
   214               1
   215               1
   216               1
   217               1
   218               1
   219               1
   220               1
     1      1     28
     2      1     30
     3      1      2
     4      2      3
     5      3     32
     6      3      4
     7      4      5
     8      5     34
     9      5      6
    10      6      7
    11      7     36
    12      7      8
    13      8     39
    14      8      9
    15      9     10
    16     10     41
    17     10     11
    18     11     12
    19     12     43
    20     12     13
    21     13     14
    22     14     45
    23     14     15
    24     15     48
    25     15     16
    26     16     17
    27     17     50
    28     17     18
    29     18     19
    30     19     52
    31     19     20
    32     20     21
    33     21     54
    34     21     22
    35     22     57
    36     22     23
    37     23     24
    38     24     59
    39     24     25
    40     25     26
    41     26     61
    42     26     27
    43     27     28
    44     28     63
    45     29     64
    46     29     66
    47     29     30
    48     30     31
    49     31     68
    50     31     32
    51     32     33
    52     33     70
    53     33     34
    54     34     35
    55     35     72
    56     35     36
    57     36     37
    58     37     74
    59     37     38
    60     38     77
    61     38     39
    62     39     40
    63     40     79
    64     40     41
    65     41     42
    66     42     81
    67     42     43
    68     43     44
    69     44     83
    70     44     45
    71     45     46
    72     46     85
    73     46     47
    74     47     88
    75     47     48
    76     48     49
    77     49     90
    78     49     50
    79     50     51
    80     51     92
    81     51     52
    82     52     53
    83     53     94
    84     53     54
    85     54     55
    86     55     96
    87     55     56
    88     56     99
    89     56     57
    90     57     58
    91     58    101
    92     58     59
    93     59     60
    94     60    103
    95     60     61
    96     61     62
    97     62    105
    98     62     63
    99     63     64
   100     64    107
   101     65    108
   102     65    110
   103     65     66
   104     66     67
   105     67    112
   106     67     68
   107     68     69
   108     69    114
   109     69     70
   110     70     71
   111     71    116
   112     71     72
   113     72     73
   114     73    118
   115     73     74
   116     74     75
   117     75    120
   118     75     76
   119     76    123
   120     76     77
   121     77     78
   122     78    125
   123     78     79
   124     79     80
   125     80    127
   126     80     81
   127     81     82
   128     82    129
   129     82     83
   130     83     84
   131     84    131
   132     84     85
   133     85     86
   134     86    133
   135     86     87
   136     87    136
   137     87     88
   138     88     89
   139     89    138
   140     89     90
   141     90     91
   142     91    140
   143     91     92
   144     92     93
   145     93    142
   146     93     94
   147     94     95
   148     95    144
   149     95     96
   150     96     97
   151     97    146
   152     97     98
   153     98    149
   154     98     99
   155     99    100
   156    100    151
   157    100    101
   158    101    102
   159    102    153
   160    102    103
   161    103    104
   162    104    155
   163    104    105
   164    105    106
   165    106    157
   166    106    107
   167    107    108
   168    108    159
   169    109    160
   170    109    162
   171    109    110
   172    110    111
   173    111    164
   174    111    112
   175    112    113
   176    113    166
   177    113    114
   178    114    115
   179    115    168
   180    115    116
   181    116    117
   182    117    170
   183    117    118
   184    118    119
   185    119    172
   186    119    120
   187    120    121
   188    121    174
   189    121    122
   190    122    177
   191    122    123
   192    123    124
   193    124    179
   194    124    125
   195    125    126
   196    126    181
   197    126    127
   198    127    128
   199    128    183
   200    128    129
   201    129    130
   202    130    185
   203    130    131
   204    131    132
   205    132    187
   206    132    133
   207    133    134
   208    134    189
   209    134    135
   210    135    192
   211    135    136
   212    136    137
   213    137    194
   214    137    138
   215    138    139
   216    139    196
   217    139    140
   218    140    141
   219    141    198
   220    141    142
   221    142    143
   222    143    200
   223    143    144
   224    144    145
   225    145    202
   226    145    146
   227    146    147
   228    147    204
   229    147    148
   230    148    207
   231    148    149
   232    149    150
   233    150    209
   234    150    151
   235    151    152
   236    152    211
   237    152    153
   238    153    154
   239    154    213
   240    154    155
   241    155    156
   242    156    215
   243    156    157
   244    157    158
   245    158    217
   246    158    159
   247    159    160
   248    160    219
   249    161    220
   250    161    162
   251    162    163
   252    163    164
   253    164    165
   254    165    166
   255    166    167
   256    167    168
   257    168    169
   258    169    170
   259    170    171
   260    171    172
   261    172    173
   262    173    174
   263    174    175
   264    175    176
   265    176    177
   266    177    178
   267    178    179
   268    179    180
   269    180    181
   270    181    182
   271    182    183
   272    183    184
   273    184    185
   274    185    186
   275    186    187
   276    187    188
   277    188    189
   278    189    190
   279    190    191
   280    191    192
   281    192    193
   282    193    194
   283    194    195
   284    195    196
   285    196    197
   286    197    198
   287    198    199
   288    199    200
   289    200    201
   290    201    202
   291    202    203
   292    203    204
   293    204    205
   294    205    206
   295    206    207
   296    207    208
   297    208    209
   298    209    210
   299    210    211
   300    211    212
   301    212    213
   302    213    214
   303    214    215
   304    215    216
   305    216    217
   306    217    218
   307    218    219
   308    219    220
   309      2     -1
   310      4     -1
   311      6     -1
   312      9     -1
   313     11     -1
   314     13     -1
   315     16     -1
   316     18     -1
   317     20     -1
   318     23     -1
   319     25     -1
   320     27     -1
   321    161     -1
   322    163     -1
   323    165     -1
   324    167     -1
   325    169     -1
   326    171     -1
   327    173     -1
   328    175     -1
   329    176     -1
   330    178     -1
   331    180     -1
   332    182     -1
   333    184     -1
   334    186     -1
   335    188     -1
   336    190     -1
   337    191     -1
   338    193     -1
   339    195     -1
   340    197     -1
   341    199     -1
   342    201     -1
   343    203     -1
   344    205     -1
   345    206     -1
   346    208     -1
   347    210     -1
   348    212     -1
   349    214     -1
   350    216     -1
   351    218     -1
   352    220     -1
     1    121      1
     2      1      2
     3      2    121
     4    122      2
     5      2      3
     6      3    122
     7    123      3
     8      3      4
     9      4    123
    10    124      4
    11      4      5
    12      5    124
    13      5      6
    14      6    124
    15    125      6
    16      6      7
    17      7    125
    18    126      7
    19      7      8
    20      8    126
    21    127      8
    22      8      9
    23      9    127
    24      9     10
    25     10    127
    26    128     10
    27     10     11
    28     11    128
    29    129     11
    30     11     12
    31     12    129
    32    130     12
    33     12     13
    34     13    130
    35     13     14
    36     14    130
    37    131     14
    38     14     15
    39     15    131
    40    132     15
    41     15     16
    42     16    132
    43    121     16
    44     16      1
    45      1     17
    46     17     18
    47     18      1
    48      2     18
    49     18     19
    50     19      2
    51      3     19
    52     19     20
    53     20      3
    54      4     20
    55     20     21
    56     21      4
    57      5     21
    58     21     22
    59     22      5
    60     22     23
    61     23      5
    62      6     23
    63     23     24
    64     24      6
    65      7     24
    66     24     25
    67     25      7
    68      8     25
    69     25     26
    70     26      8
    71      9     26
    72     26     27
    73     27      9
    74     27     28
    75     28      9
    76     10     28
    77     28     29
    78     29     10
    79     11     29
    80     29     30
    81     30     11
    82     12     30
    83     30     31
    84     31     12
    85     13     31
    86     31     32
    87     32     13
    88     32     33
    89     33     13
    90     14     33
    91     33     34
    92     34     14
    93     15     34
    94     34     35
    95     35     15
    96     16     35
    97     35     36
    98     36     16
    99      1     36
   100     36     17
   101     17     37
   102     37     38
   103     38     17
   104     18     38
   105     38     39
   106     39     18
   107     19     39
   108     39     40
   109     40     19
   110     20     40
   111     40     41
   112     41     20
   113     21     41
   114     41     42
   115     42     21
   116     22     42
   117     42     43
   118     43     22
   119     43     44
   120     44     22
   121     23     44
   122     44     45
   123     45     23
   124     24     45
   125     45     46
   126     46     24
   127     25     46
   128     46     47
   129     47     25
   130     26     47
   131     47     48
   132     48     26
   133     27     48
   134     48     49
   135     49     27
   136     49     50
   137     50     27
   138     28     50
   139     50     51
   140     51     28
   141     29     51
   142     51     52
   143     52     29
   144     30     52
   145     52     53
   146     53     30
   147     31     53
   148     53     54
   149     54     31
   150     32     54
   151     54     55
   152     55     32
   153     55     56
   154     56     32
   155     33     56
   156     56     57
   157     57     33
   158     34     57
   159     57     58
   160     58     34
   161     35     58
   162     58     59
   163     59     35
   164     36     59
   165     59     60
   166     60     36
   167     17     60
   168     60     37
   169     37     61
   170     61     62
   171     62     37
   172     38     62
   173     62     63
   174     63     38
   175     39     63
   176     63     64
   177     64     39
   178     40     64
   179     64     65
   180     65     40
   181     41     65
   182     65     66
   183     66     41
   184     42     66
   185     66     67
   186     67     42
   187     43     67
   188     67     68
   189     68     43
   190     68     69
   191     69     43
   192     44     69
   193     69     70
   194     70     44
   195     45     70
   196     70     71
   197     71     45
   198     46     71
   199     71     72
   200     72     46
   201     47     72
   202     72     73
   203     73     47
   204     48     73
   205     73     74
   206     74     48
   207     49     74
   208     74     75
   209     75     49
   210     75     76
   211     76     49
   212     50     76
   213     76     77
   214     77     50
   215     51     77
   216     77     78
   217     78     51
   218     52     78
   219     78     79
   220     79     52
   221     53     79
   222     79     80
   223     80     53
   224     54     80
   225     80     81
   226     81     54
   227     55     81
   228     81     82
   229     82     55
   230     82     83
   231     83     55
   232     56     83
   233     83     84
   234     84     56
   235     57     84
   236     84     85
   237     85     57
   238     58     85
   239     85     86
   240     86     58
   241     59     86
   242     86     87
   243     87     59
   244     60     87
   245     87     88
   246     88     60
   247     37     88
   248     88     61
   249     61     89
   250     90     61
   251     62     90
   252     91     62
   253     63     91
   254     92     63
   255     64     92
   256     93     64
   257     65     93
   258     94     65
   259     66     94
   260     95     66
   261     67     95
   262     96     67
   263     68     96
   264     97     68
   265     98     68
   266     69     98
   267     99     69
   268     70     99
   269    100     70
   270     71    100
   271    101     71
   272     72    101
   273    102     72
   274     73    102
   275    103     73
   276     74    103
   277    104     74
   278     75    104
   279    105     75
   280    106     75
   281     76    106
   282    107     76
   283     77    107
   284    108     77
   285     78    108
   286    109     78
   287     79    109
   288    110     79
   289     80    110
   290    111     80
   291     81    111
   292    112     81
   293     82    112
   294    113     82
   295    114     82
   296     83    114
   297    115     83
   298     84    115
   299    116     84
   300     85    116
   301    117     85
   302     86    117
   303    118     86
   304     87    118
   305    119     87
   306     88    119
   307    120     88
   308     61    120
   309    121    122
   310    122    123
   311    123    124
   312    124    125
   313    125    126
   314    126    127
   315    127    128
   316    128    129
   317    129    130
   318    130    131
   319    131    132
   320    132    121
   321     89     90
   322     90     91
   323     91     92
   324     92     93
   325     93     94
   326     94     95
   327     95     96
   328     96     97
   329     97     98
   330     98     99
   331     99    100
   332    100    101
   333    101    102
   334    102    103
   335    103    104
   336    104    105
   337    105    106
   338    106    107
   339    107    108
   340    108    109
   341    109    110
   342    110    111
   343    111    112
   344    112    113
   345    113    114
   346    114    115
   347    115    116
   348    116    117
   349    117    118
   350    118    119
   351    119    120
   352    120     89
