TM resonant waveneumbers:  
     1               0
     2               0
     3               0
     4               0
     5               0
     6               0
     7               0
     8               0
     9               0
    10               0
    11               0
    12               0
    13               0
    14               0
    15               0
    16               0
    17               0
    18               0
    19               0
    20               0
    21               0
    22               0
    23               0
    24               0
    25               0
    26               0
    27               0
    28               0
    29               0
    30               0
    31               0
    32               0
    33               0
    34               0
    35               0
    36               0
    37               0
    38               0
    39               0
    40               0
    41               0
    42               0
    43               0
    44               0
    45               0
    46               0
    47               0
    48               0
    49               0
    50               0
    51               0
    52               0
    53               0
    54               0
    55               0
    56               0
    57               0
    58               0
    59               0
    60               0
    61               0
    62               0
    63               0
    64 6.3474588703796e-09
    65 8.7220208810711e-09
    66 9.0941483413796e-09
    67 1.0444860838339e-08
    68 1.0674195752864e-08
    69 1.2075572428573e-08
    70 1.2208843391366e-08
    71 1.2354238389921e-08
    72 1.6023545816273e-08
    73 1.7140773855529e-08
    74 1.7185157821781e-08
    75 1.9973803414724e-08
    76 2.2192870676588e-08
    77 2.3327724054236e-08
    78 2.3421586130063e-08
    79 2.5418787543544e-08
    80 2.5585724462876e-08
    81 2.6276065687303e-08
    82 2.7024146037444e-08
    83 2.7476204613861e-08
    84 2.7582604521588e-08
    85 2.8061176947605e-08
    86 2.8441675384153e-08
    87 2.8926039666339e-08
    88 2.9240614642342e-08
    89 3.0011260642824e-08
    90 3.0475153345008e-08
    91 3.0535441593373e-08
    92 3.1013052953491e-08
    93 3.2180822401074e-08
    94 3.314578837203e-08
    95 3.3454344012962e-08
    96 3.3590697412074e-08
    97 3.4141731065546e-08
    98 3.4168100684322e-08
    99 3.4536589907112e-08
   100 3.4688610006111e-08
   101 3.5065937885683e-08
   102 3.5806252065598e-08
   103 3.6343557854761e-08
   104 3.7219642601617e-08
   105 3.742738470213e-08
   106 3.8919409755859e-08
   107 3.9154008396277e-08
   108 4.0961676582134e-08
   109 4.1613040252976e-08
   110 4.1815293037012e-08
   111 4.2252762309151e-08
   112 4.2319540253371e-08
   113 4.2686573102222e-08
   114 4.2979455623255e-08
   115 4.5859877493636e-08
   116 4.7170501459666e-08
   117 4.7381360371148e-08
   118 4.7467689660264e-08
   119 4.7822804885293e-08
   120 4.8308450087778e-08
   121 4.8735905752615e-08
   122 4.9991524540643e-08
   123 5.1735491018807e-08
   124 5.3326894841522e-08
   125 5.3497803862625e-08
   126 5.6027651848321e-08
   127 5.6083175747872e-08
   128 5.6275807392012e-08
   129 5.6423302942273e-08
   130 5.896882961896e-08
   131 6.5350221862239e-08
   132 1.1007366804613e-07
   133 0.98690996020293
   134 1.0743732307736
   135  1.087061556838
   136 1.2974889498772
   137 1.3172050963928
   138 1.5869618580907
   139 1.5873668173589
   140 1.8715136588089
   141 1.8855014896555
   142 1.9977402695985
   143 2.0419295425545
   144 2.0670214615882
   145 2.1753738181685
   146 2.1784655974495
   147 2.2034352209537
   148 2.2511525576036
   149 2.4600163795456
   150 2.4659932811914
   151  2.469631854771
   152 2.4733448816002
   153 2.7298524929494
   154 2.7479086213636
   155 2.7488433697485
   156 2.7594576190044
   157 2.9688754069005
   158  2.970284767656
   159 2.9932793770425
   160 3.0193509444339
   161  3.032565600615
   162 3.0759695965769
   163 3.0807714841048
   164 3.0989668038822
   165 3.1964556053402
   166 3.2873717442919
   167 3.2923749281207
   168 3.3469345331773
   169 3.3547486673388
   170 3.3589822709984
   171 3.3651436402644
   172 3.5128686124169
   173  3.562597533579
   174 3.5680130997521
   175  3.614152637295
   176 3.6364001001087
   177 3.6389454266503
   178 3.7549242349017
   179 3.7606045509896
   180 3.7816132381725
   181 3.7947434982781
   182  3.838338702378
   183 3.8484062784846
   184 3.8855747047009
   185 3.9062543634567
   186 3.9367718991598
   187 3.9416528341805
   188 3.9472152579714
   189 4.0293040354162
   190 4.0882131329945
   191 4.0979676499566
   192 4.1027879846878
   193 4.1251576180819
   194 4.1312892489561
   195 4.1514855373917
   196 4.1627818254204
   197 4.1703264455044
   198 4.1914743146623
   199  4.193323419378
   200 4.2251458498492
   201 4.2581805096637
   202 4.2841876938368
   203 4.2916409199007
   204 4.3075101041458
   205 4.3384801878636
   206 4.4129078356477
   207 4.4429589209827
   208 4.4469247451317
   209   4.45426520291
   210 4.4979308840377
   211 4.5250513878875
   212 4.5333529649474
   213 4.5497093744208
   214 4.5547190707073
   215 4.5782231158563
   216  4.665859125757
   217 4.6780228264623
   218  4.682177859053
   219 4.7112806416734
   220  4.759152092902
   221 4.7805710721529
   222 4.8618841656312
   223 4.8714087446049
   224 4.9125275833432
   225 4.9434741059878
   226 5.0064877005292
   227 5.0447407691414
   228 5.0461847376533
   229 5.2108681667307
   230 5.2133444708873
   231 5.2709566859743
   232 5.3243189509189
   233 5.4669086998528
   234 5.5440749072255
   235 5.5948553155744
   236 5.6004520944229
   237 5.7963625757635
   238  5.881780802166
   239 5.9371745057088
   240 6.0214722544406
   241 6.1648779769756
   242  6.203798135274
   243 6.2136253293819
   244 6.2854273858791
   245  6.433756362919
   246 6.4803021649286
   247 6.5208999768676
   248 6.5477005651407
   249 6.6464121579256
   250 6.6634317311541
   251 6.6748650262703
   252  6.704593654523
   253 6.7205809035074
   254 6.7572465961083
   255 6.7890936309001
   256 6.8527183803622
   257 6.8717591479157
   258 6.9155826492862
   259 6.9410315587093
   260  6.956174238798
   261 7.0006793001719
   262 7.0543821505476
   263 7.0590468445457
   264 7.1002180834322
   265  7.179768745938
   266 7.1840078133521
   267 7.2228258080172
   268  7.231028385262
   269 7.2524649506955
   270   7.28828632216
   271 7.3070411609329
   272 7.3358259757145
   273 7.4044117855533
   274 7.4175871445757
   275 7.4374074492227
   276 7.4531919764847
   277 7.4607669839766
   278 7.4972439958726
   279  7.535004581589
   280 7.5492459475132
   281 7.5543480488875
   282 7.5798806578721
   283 7.6087911176039
   284  7.619130801833
   285  7.654886595937
   286 7.6671382324062
   287  7.676737080426
   288 7.6860106527612
   289 7.6994478764637
   290 7.8398000741108
   291 7.8637824843922
   292  7.870650347021
   293 7.8756995425634
   294 7.8972083145876
   295 7.9458053306669
   296  7.961539297673
   297 8.0249131352135
   298 8.0338348338169
   299 8.0887661830237
   300 8.1563592964774
   301 8.1834538604429
   302  8.219941239886
   303 8.2290432775191
   304 8.2487996223685
   305 8.3179388273801
   306 8.3544676316307
   307 8.3718232895254
   308  8.385758709424
   309 8.3975770221478
   310 8.4160601965299
   311 8.4795547743823
   312  8.534243645506
   313 8.5453813723816
   314 8.5635149620645
   315 8.6187149125011
   316 8.6366061071193
   317 8.6573513510515
   318 8.7896971980814
   319 8.7918121275799
   320 8.8120062853628
   321 8.8748716644358
   322 8.8992810789628
   323 8.9349830913249
   324 8.9407008261499
   325 9.0158454384359
   326 9.1134572494555
   327 9.1357420878061
   328 9.1829858264106
   329 9.1896339322246
   330 9.2044841917197
   331 9.2428995929689
   332 9.3267093150087
   333 9.3837758916867
   334 9.4350452686217
   335 9.4483704551723
   336 9.4802457904821
   337 9.5329484974818
   338 9.5714495763425
   339 9.5915953927488
   340 9.6304149691291
   341  9.724239964077
   342  9.883568274025
   343 9.9165241876518
   344  9.962807112321
   345 9.9980350927355
   346 10.051724811888
   347 10.070980131502
   348 10.226938256847
   349 10.696525680855
   350 10.768412337799
   351  10.83002313428
   352 10.930812511615
