   132    220
     1 1.6208024900096               0
     2 1.4974262467632 0.62025426006274
     3 1.1460804316498 1.1460804316498
     4 0.62025426006274 1.4974262467632
     5 9.9245529072014e-17 1.6208024900096
     6 -0.62025426006274 1.4974262467632
     7 -1.1460804316498 1.1460804316498
     8 -1.4974262467632 0.62025426006274
     9 -1.6208024900096 1.9849105814403e-16
    10 -1.4974262467632 -0.62025426006274
    11 -1.1460804316498 -1.1460804316498
    12 -0.62025426006274 -1.4974262467632
    13 -2.9773658721604e-16 -1.6208024900096
    14 0.62025426006274 -1.4974262467632
    15 1.1460804316498 -1.1460804316498
    16 1.4974262467632 -0.62025426006274
    17 2.2182292880045               0
    18 2.1096614189935 0.68547054741365
    19 1.7945851914159 1.3038424616923
    20 1.3038424616923 1.7945851914159
    21 0.68547054741365 2.1096614189935
    22 1.3582736986648e-16 2.2182292880045
    23 -0.68547054741365 2.1096614189935
    24 -1.3038424616923 1.7945851914159
    25 -1.7945851914159 1.3038424616923
    26 -2.1096614189935 0.68547054741365
    27 -2.2182292880045 2.7165473973297e-16
    28 -2.1096614189935 -0.68547054741364
    29 -1.7945851914159 -1.3038424616923
    30 -1.3038424616923 -1.7945851914159
    31 -0.68547054741365 -2.1096614189935
    32 -4.0748210959945e-16 -2.2182292880045
    33 0.68547054741365 -2.1096614189935
    34 1.3038424616923 -1.7945851914159
    35 1.7945851914159 -1.3038424616923
    36 2.1096614189935 -0.68547054741365
    37   2.81607507958               0
    38 2.7201196481353 0.72885386303389
    39 2.4387925578805   1.40803753979
    40 1.9912657851014 1.9912657851014
    41   1.40803753979 2.4387925578805
    42 0.72885386303389 2.7201196481353
    43 1.7243486661831e-16   2.81607507958
    44 -0.72885386303389 2.7201196481353
    45  -1.40803753979 2.4387925578805
    46 -1.9912657851014 1.9912657851014
    47 -2.4387925578805   1.40803753979
    48 -2.7201196481353 0.72885386303389
    49  -2.81607507958 3.4486973323662e-16
    50 -2.7201196481353 -0.72885386303389
    51 -2.4387925578805  -1.40803753979
    52 -1.9912657851014 -1.9912657851014
    53  -1.40803753979 -2.4387925578805
    54 -0.72885386303389 -2.7201196481353
    55 -5.1730459985493e-16  -2.81607507958
    56 0.72885386303389 -2.7201196481353
    57   1.40803753979 -2.4387925578805
    58 1.9912657851014 -1.9912657851014
    59 2.4387925578805  -1.40803753979
    60 2.7201196481353 -0.72885386303389
    61 3.4143213874733               0
    62 3.3287172218071 0.75975798396758
    63 3.0761972751269  1.481418530146
    64 2.6694239519906 2.1287945653578
    65 2.1287945653578 2.6694239519906
    66  1.481418530146 3.0761972751269
    67 0.75975798396758 3.3287172218071
    68 2.0906688792148e-16 3.4143213874733
    69 -0.75975798396758 3.3287172218071
    70 -1.481418530146 3.0761972751269
    71 -2.1287945653578 2.6694239519906
    72 -2.6694239519906 2.1287945653578
    73 -3.0761972751269  1.481418530146
    74 -3.3287172218071 0.75975798396758
    75 -3.4143213874733 4.1813377584296e-16
    76 -3.3287172218071 -0.75975798396758
    77 -3.0761972751269 -1.481418530146
    78 -2.6694239519906 -2.1287945653578
    79 -2.1287945653578 -2.6694239519906
    80 -1.481418530146 -3.0761972751269
    81 -0.75975798396759 -3.3287172218071
    82 -6.2720066376443e-16 -3.4143213874733
    83 0.75975798396758 -3.3287172218071
    84  1.481418530146 -3.0761972751269
    85 2.1287945653578 -2.6694239519906
    86 2.6694239519906 -2.1287945653578
    87 3.0761972751269 -1.481418530146
    88 3.3287172218071 -0.75975798396759
    89 4.0128883219937               0
    90 3.9357817981134 0.7828756749525
    91 3.7074253869435 1.5356658767583
    92 3.3365946973015 2.2294413001317
    93  2.837540544626  2.837540544626
    94 2.2294413001317 3.3365946973015
    95 1.5356658767583 3.7074253869435
    96 0.7828756749525 3.9357817981134
    97 2.4571854194327e-16 4.0128883219937
    98 -0.7828756749525 3.9357817981134
    99 -1.5356658767583 3.7074253869435
   100 -2.2294413001317 3.3365946973015
   101 -2.837540544626  2.837540544626
   102 -3.3365946973015 2.2294413001317
   103 -3.7074253869435 1.5356658767583
   104 -3.9357817981134 0.7828756749525
   105 -4.0128883219937 4.9143708388653e-16
   106 -3.9357817981134 -0.7828756749525
   107 -3.7074253869435 -1.5356658767583
   108 -3.3365946973015 -2.2294413001317
   109 -2.837540544626 -2.837540544626
   110 -2.2294413001317 -3.3365946973015
   111 -1.5356658767583 -3.7074253869435
   112 -0.7828756749525 -3.9357817981134
   113 -7.371556258298e-16 -4.0128883219937
   114 0.7828756749525 -3.9357817981134
   115 1.5356658767583 -3.7074253869435
   116 2.2294413001317 -3.3365946973015
   117  2.837540544626 -2.837540544626
   118 3.3365946973015 -2.2294413001317
   119 3.7074253869435 -1.5356658767583
   120 3.9357817981134 -0.7828756749525
   121 1.0233267079465               0
   122 0.88622692545276 0.51166335397324
   123 0.51166335397324 0.88622692545276
   124 6.2660688868433e-17 1.0233267079465
   125 -0.51166335397324 0.88622692545276
   126 -0.88622692545276 0.51166335397324
   127 -1.0233267079465 1.2532137773687e-16
   128 -0.88622692545276 -0.51166335397324
   129 -0.51166335397324 -0.88622692545276
   130 -1.879820666053e-16 -1.0233267079465
   131 0.51166335397324 -0.88622692545276
   132 0.88622692545276 -0.51166335397324
     1    121      1      2
     2      2    122    121
     3    122      2      3
     4      3    123    122
     5    123      3      4
     6      4    124    123
     7    124      4      5
     8    124      5      6
     9      6    125    124
    10    125      6      7
    11    125      7    126
    12    126      7      8
    13    126      8    127
    14    127      8      9
    15    127      9     10
    16    127     10    128
    17    128     10     11
    18    128     11    129
    19    129     11     12
    20    130    129     12
    21    130     12     13
    22    130     13     14
    23    131    130     14
    24    131     14     15
    25    132    131     15
    26    132     15     16
    27    121    132     16
    28    121     16      1
    29      1     17     18
    30     18      2      1
    31      2     18     19
    32     19      3      2
    33      3     19     20
    34     20      4      3
    35      4     20     21
    36     21      5      4
    37      5     21     22
    38      5     22     23
    39     23      6      5
    40      6     23     24
    41      6     24      7
    42      7     24     25
    43      7     25      8
    44      8     25     26
    45      8     26      9
    46      9     26     27
    47      9     27     28
    48      9     28     10
    49     10     28     29
    50     10     29     11
    51     11     29     30
    52     11     30     12
    53     12     30     31
    54     13     12     31
    55     13     31     32
    56     13     32     33
    57     14     13     33
    58     14     33     34
    59     15     14     34
    60     15     34     35
    61     16     15     35
    62     16     35     36
    63      1     16     36
    64      1     36     17
    65     17     37     38
    66     38     18     17
    67     18     38     39
    68     39     19     18
    69     19     39     40
    70     40     20     19
    71     20     40     41
    72     41     21     20
    73     21     41     42
    74     42     22     21
    75     22     42     43
    76     22     43     44
    77     44     23     22
    78     23     44     45
    79     45     24     23
    80     24     45     46
    81     24     46     25
    82     25     46     47
    83     25     47     26
    84     26     47     48
    85     26     48     27
    86     27     48     49
    87     27     49     50
    88     27     50     28
    89     28     50     51
    90     28     51     29
    91     29     51     52
    92     29     52     30
    93     30     52     53
    94     31     30     53
    95     31     53     54
    96     32     31     54
    97     32     54     55
    98     32     55     56
    99     33     32     56
   100     33     56     57
   101     34     33     57
   102     34     57     58
   103     35     34     58
   104     35     58     59
   105     36     35     59
   106     36     59     60
   107     17     36     60
   108     17     60     37
   109     37     61     62
   110     62     38     37
   111     38     62     63
   112     63     39     38
   113     39     63     64
   114     64     40     39
   115     40     64     65
   116     65     41     40
   117     41     65     66
   118     66     42     41
   119     42     66     67
   120     67     43     42
   121     43     67     68
   122     43     68     69
   123     69     44     43
   124     44     69     70
   125     70     45     44
   126     45     70     71
   127     45     71     46
   128     46     71     72
   129     46     72     47
   130     47     72     73
   131     47     73     48
   132     48     73     74
   133     48     74     49
   134     49     74     75
   135     49     75     76
   136     49     76     50
   137     50     76     77
   138     50     77     51
   139     51     77     78
   140     51     78     52
   141     52     78     79
   142     52     79     53
   143     53     79     80
   144     54     53     80
   145     54     80     81
   146     55     54     81
   147     55     81     82
   148     55     82     83
   149     56     55     83
   150     56     83     84
   151     57     56     84
   152     57     84     85
   153     58     57     85
   154     58     85     86
   155     59     58     86
   156     59     86     87
   157     60     59     87
   158     60     87     88
   159     37     60     88
   160     37     88     61
   161     61     89     90
   162     90     62     61
   163     62     90     91
   164     91     63     62
   165     63     91     92
   166     92     64     63
   167     64     92     93
   168     93     65     64
   169     65     93     94
   170     94     66     65
   171     66     94     95
   172     95     67     66
   173     67     95     96
   174     96     68     67
   175     68     96     97
   176     68     97     98
   177     98     69     68
   178     69     98     99
   179     99     70     69
   180     70     99    100
   181     70    100     71
   182     71    100    101
   183     71    101     72
   184     72    101    102
   185     72    102     73
   186     73    102    103
   187     73    103     74
   188     74    103    104
   189     74    104     75
   190     75    104    105
   191     75    105    106
   192     75    106     76
   193     76    106    107
   194     76    107     77
   195     77    107    108
   196     77    108     78
   197     78    108    109
   198     78    109     79
   199     79    109    110
   200     79    110     80
   201     80    110    111
   202     81     80    111
   203     81    111    112
   204     82     81    112
   205     82    112    113
   206     82    113    114
   207     83     82    114
   208     83    114    115
   209     84     83    115
   210     84    115    116
   211     85     84    116
   212     85    116    117
   213     86     85    117
   214     86    117    118
   215     87     86    118
   216     87    118    119
   217     88     87    119
   218     88    119    120
   219     61     88    120
   220     61    120     89
