    72    108
     1 4.0520062250239               0
     2 3.7435656169079 1.5506356501569
     3 2.8652010791245 2.8652010791245
     4 1.5506356501569 3.7435656169079
     5 2.4811382268003e-16 4.0520062250239
     6 -1.5506356501569 3.7435656169079
     7 -2.8652010791245 2.8652010791245
     8 -3.7435656169079 1.5506356501569
     9 -4.0520062250239 4.9622764536007e-16
    10 -3.7435656169079 -1.5506356501569
    11 -2.8652010791245 -2.8652010791245
    12 -1.5506356501569 -3.7435656169079
    13 -7.443414680401e-16 -4.0520062250239
    14 1.5506356501569 -3.7435656169079
    15 2.8652010791245 -2.8652010791245
    16 3.7435656169079 -1.5506356501569
    17 5.0414302000103               0
    18  4.794685043167 1.5578876077583
    19 4.0786027077635  2.963278322028
    20  2.963278322028 4.0786027077635
    21 1.5578876077583  4.794685043167
    22 3.0869856787837e-16 5.0414302000103
    23 -1.5578876077583  4.794685043167
    24 -2.963278322028 4.0786027077635
    25 -4.0786027077635  2.963278322028
    26 -4.794685043167 1.5578876077583
    27 -5.0414302000103 6.1739713575675e-16
    28 -4.794685043167 -1.5578876077583
    29 -4.0786027077635 -2.963278322028
    30 -2.963278322028 -4.0786027077635
    31 -1.5578876077583 -4.794685043167
    32 -9.2609570363512e-16 -5.0414302000103
    33 1.5578876077583 -4.794685043167
    34  2.963278322028 -4.0786027077635
    35 4.0786027077635 -2.963278322028
    36  4.794685043167 -1.5578876077583
    37 6.0344465990999               0
    38 5.8288278174329 1.5618297065012
    39 5.2259840526011   3.01722329955
    40 4.2669981109317 4.2669981109317
    41   3.01722329955 5.2259840526011
    42 1.5618297065012 5.8288278174329
    43 3.6950328561067e-16 6.0344465990999
    44 -1.5618297065012 5.8288278174329
    45  -3.01722329955 5.2259840526011
    46 -4.2669981109317 4.2669981109317
    47 -5.2259840526011   3.01722329955
    48 -5.8288278174329 1.5618297065012
    49 -6.0344465990999 7.3900657122134e-16
    50 -5.8288278174329 -1.5618297065012
    51 -5.2259840526011  -3.01722329955
    52 -4.2669981109317 -4.2669981109317
    53  -3.01722329955 -5.2259840526011
    54 -1.5618297065012 -5.8288278174329
    55 -1.108509856832e-15 -6.0344465990999
    56 1.5618297065012 -5.8288278174329
    57   3.01722329955 -5.2259840526011
    58 4.2669981109317 -4.2669981109317
    59 5.2259840526011  -3.01722329955
    60 5.8288278174329 -1.5618297065012
    61 1.0233267079465               0
    62 0.88622692545276 0.51166335397324
    63 0.51166335397324 0.88622692545276
    64 6.2660688868433e-17 1.0233267079465
    65 -0.51166335397324 0.88622692545276
    66 -0.88622692545276 0.51166335397324
    67 -1.0233267079465 1.2532137773687e-16
    68 -0.88622692545276 -0.51166335397324
    69 -0.51166335397324 -0.88622692545276
    70 -1.879820666053e-16 -1.0233267079465
    71 0.51166335397324 -0.88622692545276
    72 0.88622692545276 -0.51166335397324
     1     61      1      2
     2      2     62     61
     3     62      2      3
     4      3     63     62
     5     63      3      4
     6      4     64     63
     7     64      4      5
     8     64      5      6
     9      6     65     64
    10     65      6      7
    11      7     66     65
    12     66      7      8
    13      8     67     66
    14     67      8      9
    15     67      9     10
    16     68     67     10
    17     68     10     11
    18     69     68     11
    19     69     11     12
    20     70     69     12
    21     70     12     13
    22     70     13     14
    23     71     70     14
    24     71     14     15
    25     72     71     15
    26     72     15     16
    27     61     72     16
    28     61     16      1
    29      1     17     18
    30     18      2      1
    31      2     18     19
    32     19      3      2
    33      3     19     20
    34     20      4      3
    35      4     20     21
    36     21      5      4
    37      5     21     22
    38      5     22     23
    39     23      6      5
    40      6     23     24
    41      6     24      7
    42      7     24     25
    43      7     25      8
    44      8     25     26
    45      8     26      9
    46      9     26     27
    47      9     27     28
    48      9     28     10
    49     10     28     29
    50     10     29     11
    51     11     29     30
    52     11     30     12
    53     12     30     31
    54     13     12     31
    55     13     31     32
    56     13     32     33
    57     14     13     33
    58     14     33     34
    59     15     14     34
    60     15     34     35
    61     16     15     35
    62     16     35     36
    63      1     16     36
    64      1     36     17
    65     17     37     38
    66     38     18     17
    67     18     38     39
    68     39     19     18
    69     19     39     40
    70     40     20     19
    71     20     40     41
    72     41     21     20
    73     21     41     42
    74     42     22     21
    75     22     42     43
    76     22     43     44
    77     44     23     22
    78     23     44     45
    79     23     45     24
    80     24     45     46
    81     24     46     25
    82     25     46     47
    83     25     47     26
    84     26     47     48
    85     26     48     27
    86     27     48     49
    87     27     49     50
    88     27     50     28
    89     28     50     51
    90     28     51     29
    91     29     51     52
    92     29     52     30
    93     30     52     53
    94     30     53     31
    95     31     53     54
    96     32     31     54
    97     32     54     55
    98     32     55     56
    99     33     32     56
   100     33     56     57
   101     34     33     57
   102     34     57     58
   103     35     34     58
   104     35     58     59
   105     36     35     59
   106     36     59     60
   107     17     36     60
   108     17     60     37
