   122    182     26     36
     1 0.75315912958971               0
     2 0.73427585775157 0.16759367293403
     3 0.67857292833681 0.32678349929691
     4 0.58884351882145 0.46958703647598
     5 0.46958703647598 0.58884351882145
     6 0.32678349929691 0.67857292833681
     7 0.16759367293403 0.73427585775157
     8 4.6117695865032e-17 0.75315912958971
     9 -0.16759367293403 0.73427585775157
    10 -0.32678349929691 0.67857292833681
    11 -0.46958703647598 0.58884351882145
    12 -0.58884351882145 0.46958703647598
    13 -0.67857292833681 0.32678349929691
    14 -0.73427585775157 0.16759367293403
    15 -0.75315912958971 9.2235391730064e-17
    16 -0.73427585775157 -0.16759367293403
    17 -0.67857292833681 -0.32678349929691
    18 -0.58884351882145 -0.46958703647598
    19 -0.46958703647598 -0.58884351882145
    20 -0.32678349929691 -0.67857292833681
    21 -0.16759367293403 -0.73427585775157
    22 -1.383530875951e-16 -0.75315912958971
    23 0.16759367293403 -0.73427585775157
    24 0.32678349929691 -0.67857292833681
    25 0.46958703647598 -0.58884351882145
    26 0.58884351882145 -0.46958703647598
    27 0.67857292833681 -0.32678349929691
    28 0.73427585775157 -0.16759367293403
    29 1.0032220804984               0
    30 0.98394544952835 0.19571891873813
    31 0.92685634673587 0.38391646918958
    32 0.83414867432537 0.55736032503291
    33 0.7093851361565 0.7093851361565
    34 0.55736032503291 0.83414867432537
    35 0.38391646918958 0.92685634673587
    36 0.19571891873813 0.98394544952835
    37 6.1429635485816e-17 1.0032220804984
    38 -0.19571891873813 0.98394544952835
    39 -0.38391646918958 0.92685634673587
    40 -0.55736032503291 0.83414867432537
    41 -0.7093851361565 0.7093851361565
    42 -0.83414867432537 0.55736032503291
    43 -0.92685634673587 0.38391646918958
    44 -0.98394544952835 0.19571891873813
    45 -1.0032220804984 1.2285927097163e-16
    46 -0.98394544952835 -0.19571891873813
    47 -0.92685634673587 -0.38391646918958
    48 -0.83414867432537 -0.55736032503291
    49 -0.7093851361565 -0.7093851361565
    50 -0.55736032503291 -0.83414867432537
    51 -0.38391646918958 -0.92685634673587
    52 -0.19571891873813 -0.98394544952835
    53 -1.8428890645745e-16 -1.0032220804984
    54 0.19571891873813 -0.98394544952835
    55 0.38391646918958 -0.92685634673587
    56 0.55736032503291 -0.83414867432537
    57 0.7093851361565 -0.7093851361565
    58 0.83414867432537 -0.55736032503291
    59 0.92685634673587 -0.38391646918958
    60 0.98394544952835 -0.19571891873813
    61  1.253180365345               0
    62 1.2341417397144 0.21761248673014
    63 1.1776043418285 0.42861292816822
    64 1.0852860319126 0.62659018267251
    65 0.95999185509836 0.80552881154623
    66 0.80552881154623 0.95999185509836
    67 0.62659018267251 1.0852860319126
    68 0.42861292816822 1.1776043418285
    69 0.21761248673014 1.2341417397144
    70 7.6735166158704e-17  1.253180365345
    71 -0.21761248673014 1.2341417397144
    72 -0.42861292816822 1.1776043418285
    73 -0.62659018267251 1.0852860319126
    74 -0.80552881154623 0.95999185509836
    75 -0.95999185509836 0.80552881154623
    76 -1.0852860319126 0.62659018267251
    77 -1.1776043418285 0.42861292816822
    78 -1.2341417397144 0.21761248673014
    79 -1.253180365345 1.5347033231741e-16
    80 -1.2341417397144 -0.21761248673014
    81 -1.1776043418285 -0.42861292816822
    82 -1.0852860319126 -0.62659018267251
    83 -0.95999185509836 -0.80552881154623
    84 -0.80552881154623 -0.95999185509836
    85 -0.62659018267251 -1.0852860319126
    86 -0.42861292816822 -1.1776043418285
    87 -0.21761248673014 -1.2341417397144
    88 -2.3020549847611e-16 -1.253180365345
    89 0.21761248673014 -1.2341417397144
    90 0.42861292816822 -1.1776043418285
    91 0.62659018267251 -1.0852860319126
    92 0.80552881154623 -0.95999185509836
    93 0.95999185509836 -0.80552881154623
    94 1.0852860319126 -0.62659018267251
    95 1.1776043418285 -0.42861292816822
    96 1.2341417397144 -0.21761248673014
    97 0.50244404290425               0
    98 0.48784393217234 0.12024272989496
    99 0.44489210534313 0.23349738939296
   100 0.37608476646837 0.33318202934792
   101 0.28542074797898 0.41350334082458
   102 0.17816911307926  0.469793341156
   103 0.060562936945741 0.49878066012875
   104 -0.060562936945741 0.49878066012875
   105 -0.17816911307926  0.469793341156
   106 -0.28542074797898 0.41350334082458
   107 -0.37608476646837 0.33318202934792
   108 -0.44489210534313 0.23349738939296
   109 -0.48784393217234 0.12024272989496
   110 -0.50244404290425 6.1531648889334e-17
   111 -0.48784393217234 -0.12024272989496
   112 -0.44489210534313 -0.23349738939296
   113 -0.37608476646837 -0.33318202934792
   114 -0.28542074797898 -0.41350334082458
   115 -0.17816911307926 -0.469793341156
   116 -0.060562936945741 -0.49878066012875
   117 0.060562936945741 -0.49878066012875
   118 0.17816911307926 -0.469793341156
   119 0.28542074797898 -0.41350334082458
   120 0.37608476646837 -0.33318202934792
   121 0.44489210534313 -0.23349738939296
   122 0.48784393217234 -0.12024272989496
     1     97      1      2
     2      2     98     97
     3     98      2      3
     4      3     99     98
     5     99      3      4
     6      4    100     99
     7    100      4      5
     8      5    101    100
     9    101      5      6
    10      6    102    101
    11    102      6      7
    12      7    103    102
    13    103      7      8
    14      8    104    103
    15    104      8      9
    16      9    105    104
    17    105      9     10
    18     10    106    105
    19    106     10     11
    20     11    107    106
    21    107     11     12
    22     12    108    107
    23    108     12     13
    24    108     13    109
    25    109     13     14
    26    109     14    110
    27    110     14     15
    28    110     15     16
    29    110     16    111
    30    111     16     17
    31    111     17    112
    32    112     17     18
    33    113    112     18
    34    113     18     19
    35    114    113     19
    36    114     19     20
    37    115    114     20
    38    115     20     21
    39    116    115     21
    40    116     21     22
    41    117    116     22
    42    117     22     23
    43    118    117     23
    44    118     23     24
    45    119    118     24
    46    119     24     25
    47    120    119     25
    48    120     25     26
    49    121    120     26
    50    121     26     27
    51    122    121     27
    52    122     27     28
    53     97    122     28
    54     97     28      1
    55      1     29     30
    56     30      2      1
    57      2     30     31
    58     31      3      2
    59      3     31     32
    60     32      4      3
    61      4     32     33
    62     33      5      4
    63      5     33     34
    64     34      6      5
    65      6     34     35
    66     35      7      6
    67      7     35     36
    68     36      8      7
    69      8     36     37
    70      8     37     38
    71     38      9      8
    72      9     38     39
    73     39     10      9
    74     10     39     40
    75     40     11     10
    76     11     40     41
    77     41     12     11
    78     12     41     42
    79     12     42     13
    80     13     42     43
    81     13     43     14
    82     14     43     44
    83     14     44     15
    84     15     44     45
    85     15     45     46
    86     15     46     16
    87     16     46     47
    88     16     47     17
    89     17     47     48
    90     17     48     18
    91     18     48     49
    92     19     18     49
    93     19     49     50
    94     20     19     50
    95     20     50     51
    96     21     20     51
    97     21     51     52
    98     22     21     52
    99     22     52     53
   100     22     53     54
   101     23     22     54
   102     23     54     55
   103     24     23     55
   104     24     55     56
   105     25     24     56
   106     25     56     57
   107     26     25     57
   108     26     57     58
   109     27     26     58
   110     27     58     59
   111     28     27     59
   112     28     59     60
   113      1     28     60
   114      1     60     29
   115     29     61     62
   116     62     30     29
   117     30     62     63
   118     63     31     30
   119     31     63     64
   120     64     32     31
   121     32     64     65
   122     65     33     32
   123     33     65     66
   124     66     34     33
   125     34     66     67
   126     67     35     34
   127     35     67     68
   128     68     36     35
   129     36     68     69
   130     69     37     36
   131     37     69     70
   132     37     70     71
   133     71     38     37
   134     38     71     72
   135     72     39     38
   136     39     72     73
   137     73     40     39
   138     40     73     74
   139     74     41     40
   140     41     74     75
   141     41     75     42
   142     42     75     76
   143     42     76     43
   144     43     76     77
   145     43     77     44
   146     44     77     78
   147     44     78     45
   148     45     78     79
   149     45     79     80
   150     45     80     46
   151     46     80     81
   152     46     81     47
   153     47     81     82
   154     47     82     48
   155     48     82     83
   156     48     83     49
   157     49     83     84
   158     50     49     84
   159     50     84     85
   160     51     50     85
   161     51     85     86
   162     52     51     86
   163     52     86     87
   164     53     52     87
   165     53     87     88
   166     53     88     89
   167     54     53     89
   168     54     89     90
   169     55     54     90
   170     55     90     91
   171     56     55     91
   172     56     91     92
   173     57     56     92
   174     57     92     93
   175     58     57     93
   176     58     93     94
   177     59     58     94
   178     59     94     95
   179     60     59     95
   180     60     95     96
   181     29     60     96
   182     29     96     61
     1               1
     2               1
     3               1
     4               1
     5               1
     6               1
     7               1
     8               1
     9               1
    10               1
    11               1
    12               1
    13               1
    14               1
    15               1
    16               1
    17               1
    18               1
    19               1
    20               1
    21               1
    22               1
    23               1
    24               1
    25               1
    26               1
    27               1
    28               1
    29               1
    30               1
    31               1
    32               1
    33               1
    34               1
    35               1
    36               1
    37               1
    38               1
    39               1
    40               1
    41               1
    42               1
    43               1
    44               1
    45               1
    46               1
    47               1
    48               1
    49               1
    50               1
    51               1
    52               1
    53               1
    54               1
    55               1
    56               1
    57               1
    58               1
    59               1
    60               1
    61               1
    62               1
    63               1
    64               1
    65               1
    66               1
    67               1
    68               1
    69               1
    70               1
    71               1
    72               1
    73               1
    74               1
    75               1
    76               1
    77               1
    78               1
    79               1
    80               1
    81               1
    82               1
    83               1
    84               1
    85               1
    86               1
    87               1
    88               1
    89               1
    90               1
    91               1
    92               1
    93               1
    94               1
    95               1
    96               1
    97               1
    98               1
    99               1
   100               1
   101               1
   102               1
   103               1
   104               1
   105               1
   106               1
   107               1
   108               1
   109               1
   110               1
   111               1
   112               1
   113               1
   114               1
   115               1
   116               1
   117               1
   118               1
   119               1
   120               1
   121               1
   122               1
   123               1
   124               1
   125               1
   126               1
   127               1
   128               1
   129               1
   130               1
   131               1
   132               1
   133               1
   134               1
   135               1
   136               1
   137               1
   138               1
   139               1
   140               1
   141               1
   142               1
   143               1
   144               1
   145               1
   146               1
   147               1
   148               1
   149               1
   150               1
   151               1
   152               1
   153               1
   154               1
   155               1
   156               1
   157               1
   158               1
   159               1
   160               1
   161               1
   162               1
   163               1
   164               1
   165               1
   166               1
   167               1
   168               1
   169               1
   170               1
   171               1
   172               1
   173               1
   174               1
   175               1
   176               1
   177               1
   178               1
   179               1
   180               1
   181               1
   182               1
    97 
    98 
    99 
   100 
   101 
   102 
   103 
   104 
   105 
   106 
   107 
   108 
   109 
   110 
   111 
   112 
   113 
   114 
   115 
   116 
   117 
   118 
   119 
   120 
   121 
   122 
    61 
    62 
    63 
    64 
    65 
    66 
    67 
    68 
    69 
    70 
    71 
    72 
    73 
    74 
    75 
    76 
    77 
    78 
    79 
    80 
    81 
    82 
    83 
    84 
    85 
    86 
    87 
    88 
    89 
    90 
    91 
    92 
    93 
    94 
    95 
    96 
