   156    260     16     36
     1 0.80662883200165               0
     2 0.76714960690672 0.24926201724133
     3 0.65257643324215 0.47412453152448
     4 0.47412453152448 0.65257643324215
     5 0.24926201724133 0.76714960690672
     6 4.939177086054e-17 0.80662883200165
     7 -0.24926201724133 0.76714960690672
     8 -0.47412453152448 0.65257643324215
     9 -0.65257643324215 0.47412453152448
    10 -0.76714960690672 0.24926201724133
    11 -0.80662883200165 9.8783541721079e-17
    12 -0.76714960690672 -0.24926201724133
    13 -0.65257643324215 -0.47412453152448
    14 -0.47412453152448 -0.65257643324215
    15 -0.24926201724133 -0.76714960690672
    16 -1.4817531258162e-16 -0.80662883200165
    17 0.24926201724133 -0.76714960690672
    18 0.47412453152448 -0.65257643324215
    19 0.65257643324215 -0.47412453152448
    20 0.76714960690672 -0.24926201724133
    21  1.106315209835               0
    22  1.068618433196 0.28633544619189
    23 0.95809707631021 0.55315760491749
    24 0.78228298700414 0.78228298700414
    25 0.55315760491749 0.95809707631021
    26 0.28633544619189  1.068618433196
    27 6.7742269028622e-17  1.106315209835
    28 -0.28633544619189  1.068618433196
    29 -0.55315760491749 0.95809707631021
    30 -0.78228298700414 0.78228298700414
    31 -0.95809707631021 0.55315760491749
    32 -1.068618433196 0.28633544619189
    33 -1.106315209835 1.3548453805724e-16
    34 -1.068618433196 -0.28633544619189
    35 -0.95809707631021 -0.55315760491749
    36 -0.78228298700414 -0.78228298700414
    37 -0.55315760491749 -0.95809707631021
    38 -0.28633544619189 -1.068618433196
    39 -2.0322680708587e-16 -1.106315209835
    40 0.28633544619189 -1.068618433196
    41 0.55315760491749 -0.95809707631021
    42 0.78228298700414 -0.78228298700414
    43 0.95809707631021 -0.55315760491749
    44  1.068618433196 -0.28633544619189
    45 1.4058970419008               0
    46 1.3706482678029 0.31284152281018
    47 1.2666694662287 0.60999586535423
    48 1.0991745684667 0.8765624680885
    49 0.8765624680885 1.0991745684667
    50 0.60999586535423 1.2666694662287
    51 0.31284152281018 1.3706482678029
    52 8.6086365614726e-17 1.4058970419008
    53 -0.31284152281018 1.3706482678029
    54 -0.60999586535423 1.2666694662287
    55 -0.8765624680885 1.0991745684667
    56 -1.0991745684667 0.8765624680885
    57 -1.2666694662287 0.60999586535423
    58 -1.3706482678029 0.31284152281018
    59 -1.4058970419008 1.7217273122945e-16
    60 -1.3706482678029 -0.31284152281018
    61 -1.2666694662287 -0.60999586535423
    62 -1.0991745684667 -0.8765624680885
    63 -0.8765624680885 -1.0991745684667
    64 -0.60999586535423 -1.2666694662287
    65 -0.31284152281018 -1.3706482678029
    66 -2.5825909684418e-16 -1.4058970419008
    67 0.31284152281018 -1.3706482678029
    68 0.60999586535423 -1.2666694662287
    69 0.8765624680885 -1.0991745684667
    70 1.0991745684667 -0.8765624680885
    71 1.2666694662287 -0.60999586535423
    72 1.3706482678029 -0.31284152281018
    73 1.7054775368473               0
    74 1.6727072641982 0.33272216185481
    75  1.575655789451 0.65265799762228
    76 1.4180527463531 0.94751255255595
    77 1.2059547314661 1.2059547314661
    78 0.94751255255595 1.4180527463531
    79 0.65265799762228  1.575655789451
    80 0.33272216185481 1.6727072641982
    81 1.0443038032589e-16 1.7054775368473
    82 -0.33272216185481 1.6727072641982
    83 -0.65265799762228  1.575655789451
    84 -0.94751255255595 1.4180527463531
    85 -1.2059547314661 1.2059547314661
    86 -1.4180527463531 0.94751255255595
    87 -1.575655789451 0.65265799762228
    88 -1.6727072641982 0.33272216185481
    89 -1.7054775368473 2.0886076065178e-16
    90 -1.6727072641982 -0.33272216185481
    91 -1.575655789451 -0.65265799762228
    92 -1.4180527463531 -0.94751255255595
    93 -1.2059547314661 -1.2059547314661
    94 -0.94751255255595 -1.4180527463531
    95 -0.65265799762229 -1.575655789451
    96 -0.33272216185481 -1.6727072641982
    97 -3.1329114097766e-16 -1.7054775368473
    98 0.33272216185481 -1.6727072641982
    99 0.65265799762228 -1.575655789451
   100 0.94751255255595 -1.4180527463531
   101 1.2059547314661 -1.2059547314661
   102 1.4180527463531 -0.94751255255595
   103  1.575655789451 -0.65265799762229
   104 1.6727072641982 -0.33272216185481
   105  2.005088584552               0
   106 1.9746267835431 0.34817997876822
   107 1.8841669469256 0.68578068506915
   108 1.7364576510602  1.002544292276
   109 1.5359869681574  1.288846098474
   110  1.288846098474 1.5359869681574
   111  1.002544292276 1.7364576510602
   112 0.68578068506915 1.8841669469256
   113 0.34817997876822 1.9746267835431
   114 1.2277626585393e-16  2.005088584552
   115 -0.34817997876822 1.9746267835431
   116 -0.68578068506915 1.8841669469256
   117 -1.002544292276 1.7364576510602
   118 -1.288846098474 1.5359869681574
   119 -1.5359869681574  1.288846098474
   120 -1.7364576510602  1.002544292276
   121 -1.8841669469256 0.68578068506915
   122 -1.9746267835431 0.34817997876822
   123 -2.005088584552 2.4555253170785e-16
   124 -1.9746267835431 -0.34817997876822
   125 -1.8841669469256 -0.68578068506915
   126 -1.7364576510602 -1.002544292276
   127 -1.5359869681574 -1.288846098474
   128 -1.288846098474 -1.5359869681574
   129 -1.002544292276 -1.7364576510602
   130 -0.68578068506915 -1.8841669469256
   131 -0.34817997876822 -1.9746267835431
   132 -3.6832879756178e-16 -2.005088584552
   133 0.34817997876822 -1.9746267835431
   134 0.68578068506915 -1.8841669469256
   135  1.002544292276 -1.7364576510602
   136  1.288846098474 -1.5359869681574
   137 1.5359869681574 -1.288846098474
   138 1.7364576510602 -1.002544292276
   139 1.8841669469256 -0.68578068506915
   140 1.9746267835431 -0.34817997876822
   141 0.50650077812799               0
   142 0.46794570211349 0.19382945626961
   143 0.35815013489056 0.35815013489056
   144 0.19382945626961 0.46794570211349
   145 3.1014227835004e-17 0.50650077812799
   146 -0.19382945626961 0.46794570211349
   147 -0.35815013489056 0.35815013489056
   148 -0.46794570211349 0.19382945626961
   149 -0.50650077812799 6.2028455670008e-17
   150 -0.46794570211349 -0.19382945626961
   151 -0.35815013489056 -0.35815013489056
   152 -0.19382945626961 -0.46794570211349
   153 -9.3042683505013e-17 -0.50650077812799
   154 0.19382945626961 -0.46794570211349
   155 0.35815013489056 -0.35815013489056
   156 0.46794570211349 -0.19382945626961
     1    141      1      2
     2      2    142    141
     3    142      2      3
     4      3    143    142
     5    143      3      4
     6      4    144    143
     7    144      4      5
     8      5    145    144
     9    145      5      6
    10    145      6      7
    11      7    146    145
    12    146      7      8
    13      8    147    146
    14    147      8      9
    15    147      9    148
    16    148      9     10
    17    148     10    149
    18    149     10     11
    19    149     11     12
    20    149     12    150
    21    150     12     13
    22    150     13    151
    23    151     13     14
    24    152    151     14
    25    152     14     15
    26    153    152     15
    27    153     15     16
    28    153     16     17
    29    154    153     17
    30    154     17     18
    31    155    154     18
    32    155     18     19
    33    156    155     19
    34    156     19     20
    35    141    156     20
    36    141     20      1
    37      1     21     22
    38     22      2      1
    39      2     22     23
    40     23      3      2
    41      3     23     24
    42     24      4      3
    43      4     24     25
    44     25      5      4
    45      5     25     26
    46     26      6      5
    47      6     26     27
    48      6     27     28
    49     28      7      6
    50      7     28     29
    51     29      8      7
    52      8     29     30
    53      8     30      9
    54      9     30     31
    55      9     31     10
    56     10     31     32
    57     10     32     11
    58     11     32     33
    59     11     33     34
    60     11     34     12
    61     12     34     35
    62     12     35     13
    63     13     35     36
    64     13     36     14
    65     14     36     37
    66     15     14     37
    67     15     37     38
    68     16     15     38
    69     16     38     39
    70     16     39     40
    71     17     16     40
    72     17     40     41
    73     18     17     41
    74     18     41     42
    75     19     18     42
    76     19     42     43
    77     20     19     43
    78     20     43     44
    79      1     20     44
    80      1     44     21
    81     21     45     46
    82     46     22     21
    83     22     46     47
    84     47     23     22
    85     23     47     48
    86     48     24     23
    87     24     48     49
    88     49     25     24
    89     25     49     50
    90     50     26     25
    91     26     50     51
    92     51     27     26
    93     27     51     52
    94     27     52     53
    95     53     28     27
    96     28     53     54
    97     54     29     28
    98     29     54     55
    99     29     55     30
   100     30     55     56
   101     30     56     31
   102     31     56     57
   103     31     57     32
   104     32     57     58
   105     32     58     33
   106     33     58     59
   107     33     59     60
   108     33     60     34
   109     34     60     61
   110     34     61     35
   111     35     61     62
   112     35     62     36
   113     36     62     63
   114     36     63     37
   115     37     63     64
   116     38     37     64
   117     38     64     65
   118     39     38     65
   119     39     65     66
   120     39     66     67
   121     40     39     67
   122     40     67     68
   123     41     40     68
   124     41     68     69
   125     42     41     69
   126     42     69     70
   127     43     42     70
   128     43     70     71
   129     44     43     71
   130     44     71     72
   131     21     44     72
   132     21     72     45
   133     45     73     74
   134     74     46     45
   135     46     74     75
   136     75     47     46
   137     47     75     76
   138     76     48     47
   139     48     76     77
   140     77     49     48
   141     49     77     78
   142     78     50     49
   143     50     78     79
   144     79     51     50
   145     51     79     80
   146     80     52     51
   147     52     80     81
   148     52     81     82
   149     82     53     52
   150     53     82     83
   151     83     54     53
   152     54     83     84
   153     54     84     55
   154     55     84     85
   155     55     85     56
   156     56     85     86
   157     56     86     57
   158     57     86     87
   159     57     87     58
   160     58     87     88
   161     58     88     59
   162     59     88     89
   163     59     89     90
   164     59     90     60
   165     60     90     91
   166     60     91     61
   167     61     91     92
   168     61     92     62
   169     62     92     93
   170     62     93     63
   171     63     93     94
   172     63     94     64
   173     64     94     95
   174     65     64     95
   175     65     95     96
   176     66     65     96
   177     66     96     97
   178     66     97     98
   179     67     66     98
   180     67     98     99
   181     68     67     99
   182     68     99    100
   183     69     68    100
   184     69    100    101
   185     70     69    101
   186     70    101    102
   187     71     70    102
   188     71    102    103
   189     72     71    103
   190     72    103    104
   191     45     72    104
   192     45    104     73
   193     73    105    106
   194    106     74     73
   195     74    106    107
   196    107     75     74
   197     75    107    108
   198    108     76     75
   199     76    108    109
   200    109     77     76
   201     77    109    110
   202    110     78     77
   203     78    110    111
   204    111     79     78
   205     79    111    112
   206    112     80     79
   207     80    112    113
   208    113     81     80
   209     81    113    114
   210     81    114    115
   211    115     82     81
   212     82    115    116
   213    116     83     82
   214     83    116    117
   215    117     84     83
   216     84    117    118
   217     84    118     85
   218     85    118    119
   219     85    119     86
   220     86    119    120
   221     86    120     87
   222     87    120    121
   223     87    121     88
   224     88    121    122
   225     88    122     89
   226     89    122    123
   227     89    123    124
   228     89    124     90
   229     90    124    125
   230     90    125     91
   231     91    125    126
   232     91    126     92
   233     92    126    127
   234     92    127     93
   235     93    127    128
   236     93    128     94
   237     94    128    129
   238     95     94    129
   239     95    129    130
   240     96     95    130
   241     96    130    131
   242     97     96    131
   243     97    131    132
   244     97    132    133
   245     98     97    133
   246     98    133    134
   247     99     98    134
   248     99    134    135
   249    100     99    135
   250    100    135    136
   251    101    100    136
   252    101    136    137
   253    102    101    137
   254    102    137    138
   255    103    102    138
   256    103    138    139
   257    104    103    139
   258    104    139    140
   259     73    104    140
   260     73    140    105
     1               1
     2               1
     3               1
     4               1
     5               1
     6               1
     7               1
     8               1
     9               1
    10               1
    11               1
    12               1
    13               1
    14               1
    15               1
    16               1
    17               1
    18               1
    19               1
    20               1
    21               1
    22               1
    23               1
    24               1
    25               1
    26               1
    27               1
    28               1
    29               1
    30               1
    31               1
    32               1
    33               1
    34               1
    35               1
    36               1
    37               1
    38               1
    39               1
    40               1
    41               1
    42               1
    43               1
    44               1
    45               1
    46               1
    47               1
    48               1
    49               1
    50               1
    51               1
    52               1
    53               1
    54               1
    55               1
    56               1
    57               1
    58               1
    59               1
    60               1
    61               1
    62               1
    63               1
    64               1
    65               1
    66               1
    67               1
    68               1
    69               1
    70               1
    71               1
    72               1
    73               1
    74               1
    75               1
    76               1
    77               1
    78               1
    79               1
    80               1
    81               1
    82               1
    83               1
    84               1
    85               1
    86               1
    87               1
    88               1
    89               1
    90               1
    91               1
    92               1
    93               1
    94               1
    95               1
    96               1
    97               1
    98               1
    99               1
   100               1
   101               1
   102               1
   103               1
   104               1
   105               1
   106               1
   107               1
   108               1
   109               1
   110               1
   111               1
   112               1
   113               1
   114               1
   115               1
   116               1
   117               1
   118               1
   119               1
   120               1
   121               1
   122               1
   123               1
   124               1
   125               1
   126               1
   127               1
   128               1
   129               1
   130               1
   131               1
   132               1
   133               1
   134               1
   135               1
   136               1
   137               1
   138               1
   139               1
   140               1
   141               1
   142               1
   143               1
   144               1
   145               1
   146               1
   147               1
   148               1
   149               1
   150               1
   151               1
   152               1
   153               1
   154               1
   155               1
   156               1
   157               1
   158               1
   159               1
   160               1
   161               1
   162               1
   163               1
   164               1
   165               1
   166               1
   167               1
   168               1
   169               1
   170               1
   171               1
   172               1
   173               1
   174               1
   175               1
   176               1
   177               1
   178               1
   179               1
   180               1
   181               1
   182               1
   183               1
   184               1
   185               1
   186               1
   187               1
   188               1
   189               1
   190               1
   191               1
   192               1
   193               1
   194               1
   195               1
   196               1
   197               1
   198               1
   199               1
   200               1
   201               1
   202               1
   203               1
   204               1
   205               1
   206               1
   207               1
   208               1
   209               1
   210               1
   211               1
   212               1
   213               1
   214               1
   215               1
   216               1
   217               1
   218               1
   219               1
   220               1
   221               1
   222               1
   223               1
   224               1
   225               1
   226               1
   227               1
   228               1
   229               1
   230               1
   231               1
   232               1
   233               1
   234               1
   235               1
   236               1
   237               1
   238               1
   239               1
   240               1
   241               1
   242               1
   243               1
   244               1
   245               1
   246               1
   247               1
   248               1
   249               1
   250               1
   251               1
   252               1
   253               1
   254               1
   255               1
   256               1
   257               1
   258               1
   259               1
   260               1
   141 
   142 
   143 
   144 
   145 
   146 
   147 
   148 
   149 
   150 
   151 
   152 
   153 
   154 
   155 
   156 
   105 
   106 
   107 
   108 
   109 
   110 
   111 
   112 
   113 
   114 
   115 
   116 
   117 
   118 
   119 
   120 
   121 
   122 
   123 
   124 
   125 
   126 
   127 
   128 
   129 
   130 
   131 
   132 
   133 
   134 
   135 
   136 
   137 
   138 
   139 
   140 
