result at time = 2.1227e-08 
              0               0
             10               0
             20               0
             30               0
             40               0
             50               0
             60               0
             70               0
             80               0
             90               0
            100               0
            110               0
            120               0
            130               0
            140               0
            150               0
            160               0
            170               0
            180               0
            190               0
            200               0
            210               0
            220               0
            230               0
            240               0
            250               0
            260               0
            270               0
            280               0
            290               0
            300               0
            310               0
            320               0
            330               0
            340               0
            350               0
            360               0
            370               0
            380               0
            390               0
            400               0
            410               0
            420               0
            430               0
            440               0
            450               0
            460               0
            470               0
            480               0
            490               0
            500               0
            510               0
            520               0
            530               0
            540               0
            550               0
            560               0
            570               0
            580               0
            590               0
            600               0


result at time = 4.2454e-08 
              0               0
             10               0
             20               0
             30               0
             40               0
             50               0
             60               0
             70               0
             80               0
             90               0
            100               0
            110               0
            120               0
            130               0
            140               0
            150               0
            160               0
            170               0
            180               0
            190               0
            200               0
            210               0
            220               0
            230               0
            240               0
            250               0
            260               0
            270               0
            280               0
            290               0
            300               0
            310               0
            320               0
            330               0
            340               0
            350               0
            360               0
            370               0
            380               0
            390               0
            400               0
            410               0
            420               0
            430               0
            440               0
            450               0
            460               0
            470               0
            480               0
            490               0
            500               0
            510               0
            520               0
            530               0
            540               0
            550               0
            560               0
            570               0
            580               0
            590               0
            600               0


result at time = 6.3681e-08 
              0               0
             10               0
             20               0
             30               0
             40               0
             50               0
             60               0
             70               0
             80               0
             90               0
            100               0
            110               0
            120               0
            130               0
            140               0
            150               0
            160               0
            170               0
            180               0
            190               0
            200               0
            210               0
            220               0
            230               0
            240               0
            250               0
            260               0
            270               0
            280               0
            290               0
            300               0
            310               0
            320               0
            330               0
            340               0
            350               0
            360               0
            370               0
            380               0
            390               0
            400               0
            410               0
            420               0
            430               0
            440               0
            450               0
            460               0
            470               0
            480               0
            490               0
            500               0
            510               0
            520               0
            530               0
            540               0
            550               0
            560               0
            570               0
            580               0
            590               0
            600               0


result at time = 8.4908e-08 
              0               0
             10               0
             20               0
             30               0
             40               0
             50               0
             60               0
             70               0
             80               0
             90               0
            100               0
            110               0
            120               0
            130               0
            140               0
            150               0
            160               0
            170               0
            180               0
            190               0
            200               0
            210               0
            220               0
            230               0
            240               0
            250               0
            260               0
            270               0
            280               0
            290               0
            300               0
            310               0
            320               0
            330               0
            340               0
            350               0
            360               0
            370               0
            380               0
            390               0
            400               0
            410               0
            420               0
            430               0
            440               0
            450               0
            460               0
            470               0
            480               0
            490               0
            500               0
            510               0
            520               0
            530               0
            540               0
            550               0
            560               0
            570               0
            580               0
            590               0
            600               0


result at time = 1.0613e-07 
              0               0
             10               0
             20               0
             30               0
             40               0
             50               0
             60               0
             70               0
             80               0
             90               0
            100               0
            110               0
            120               0
            130               0
            140               0
            150               0
            160               0
            170               0
            180               0
            190               0
            200               0
            210               0
            220               0
            230               0
            240               0
            250               0
            260               0
            270               0
            280               0
            290               0
            300               0
            310               0
            320               0
            330               0
            340               0
            350               0
            360               0
            370               0
            380               0
            390               0
            400               0
            410               0
            420               0
            430               0
            440               0
            450               0
            460               0
            470               0
            480               0
            490               0
            500               0
            510               0
            520               0
            530               0
            540               0
            550               0
            560               0
            570               0
            580               0
            590               0
            600               0


result at time = 1.2736e-07 
              0               0
             10               0
             20               0
             30               0
             40               0
             50               0
             60               0
             70               0
             80               0
             90               0
            100               0
            110               0
            120               0
            130               0
            140               0
            150               0
            160               0
            170               0
            180               0
            190               0
            200               0
            210               0
            220               0
            230               0
            240               0
            250               0
            260               0
            270               0
            280               0
            290               0
            300               0
            310               0
            320               0
            330               0
            340               0
            350               0
            360               0
            370               0
            380               0
            390               0
            400               0
            410               0
            420               0
            430               0
            440               0
            450               0
            460               0
            470               0
            480               0
            490               0
            500               0
            510               0
            520               0
            530               0
            540               0
            550               0
            560               0
            570               0
            580               0
            590               0
            600               0


result at time = 1.4859e-07 
              0               0
             10               0
             20               0
             30               0
             40               0
             50               0
             60               0
             70               0
             80               0
             90               0
            100               0
            110               0
            120               0
            130               0
            140               0
            150               0
            160               0
            170               0
            180               0
            190               0
            200               0
            210               0
            220               0
            230               0
            240               0
            250               0
            260               0
            270               0
            280               0
            290               0
            300               0
            310               0
            320               0
            330               0
            340               0
            350               0
            360               0
            370               0
            380               0
            390               0
            400               0
            410               0
            420               0
            430               0
            440               0
            450               0
            460               0
            470               0
            480               0
            490               0
            500               0
            510               0
            520               0
            530               0
            540               0
            550               0
            560               0
            570               0
            580               0
            590               0
            600               0


result at time = 1.6982e-07 
              0               0
             10               0
             20               0
             30               0
             40               0
             50               0
             60               0
             70               0
             80               0
             90               0
            100               0
            110               0
            120               0
            130               0
            140               0
            150               0
            160               0
            170               0
            180               0
            190               0
            200               0
            210               0
            220               0
            230               0
            240               0
            250               0
            260               0
            270               0
            280               0
            290               0
            300               0
            310               0
            320               0
            330               0
            340               0
            350               0
            360               0
            370               0
            380               0
            390               0
            400               0
            410               0
            420               0
            430               0
            440               0
            450               0
            460               0
            470               0
            480               0
            490               0
            500               0
            510               0
            520               0
            530               0
            540               0
            550               0
            560               0
            570               0
            580               0
            590               0
            600               0


result at time = 1.9104e-07 
              0               0
             10               0
             20               0
             30               0
             40               0
             50               0
             60               0
             70               0
             80               0
             90               0
            100               0
            110               0
            120               0
            130               0
            140               0
            150               0
            160               0
            170               0
            180               0
            190               0
            200               0
            210               0
            220               0
            230               0
            240               0
            250               0
            260               0
            270               0
            280               0
            290               0
            300               0
            310               0
            320               0
            330               0
            340               0
            350               0
            360               0
            370               0
            380               0
            390               0
            400               0
            410               0
            420               0
            430               0
            440               0
            450               0
            460               0
            470               0
            480               0
            490               0
            500               0
            510               0
            520               0
            530               0
            540               0
            550               0
            560               0
            570               0
            580               0
            590               0
            600               0


result at time = 2.1227e-07 
              0               0
             10               0
             20               0
             30               0
             40               0
             50               0
             60               0
             70               0
             80               0
             90               0
            100               0
            110               0
            120               0
            130               0
            140               0
            150               0
            160               0
            170               0
            180               0
            190               0
            200               0
            210               0
            220               0
            230               0
            240               0
            250               0
            260               0
            270               0
            280               0
            290               0
            300               0
            310               0
            320               0
            330               0
            340               0
            350               0
            360               0
            370               0
            380               0
            390               0
            400               0
            410               0
            420               0
            430               0
            440               0
            450               0
            460               0
            470               0
            480               0
            490               0
            500               0
            510               0
            520               0
            530               0
            540               0
            550               0
            560               0
            570               0
            580               0
            590               0
            600               0


result at time = 2.335e-07 
              0               0
             10               0
             20               0
             30               0
             40               0
             50               0
             60               0
             70               0
             80               0
             90               0
            100               0
            110               0
            120               0
            130               0
            140               0
            150               0
            160               0
            170               0
            180               0
            190               0
            200               0
            210               0
            220               0
            230               0
            240               0
            250               0
            260               0
            270               0
            280               0
            290               0
            300               0
            310               0
            320               0
            330               0
            340               0
            350               0
            360               0
            370               0
            380               0
            390               0
            400               0
            410               0
            420               0
            430               0
            440               0
            450               0
            460               0
            470               0
            480               0
            490               0
            500               0
            510               0
            520               0
            530               0
            540               0
            550               0
            560               0
            570               0
            580               0
            590               0
            600               0


result at time = 2.5472e-07 
              0               0
             10               0
             20               0
             30               0
             40               0
             50               0
             60               0
             70               0
             80               0
             90               0
            100               0
            110               0
            120               0
            130               0
            140               0
            150               0
            160               0
            170               0
            180               0
            190               0
            200               0
            210               0
            220               0
            230               0
            240               0
            250               0
            260               0
            270               0
            280               0
            290               0
            300               0
            310               0
            320               0
            330               0
            340               0
            350               0
            360               0
            370               0
            380               0
            390               0
            400               0
            410               0
            420               0
            430               0
            440               0
            450               0
            460               0
            470               0
            480               0
            490               0
            500               0
            510               0
            520               0
            530               0
            540               0
            550               0
            560               0
            570               0
            580               0
            590               0
            600               0


result at time = 2.7595e-07 
              0               0
             10               0
             20               0
             30               0
             40               0
             50               0
             60               0
             70               0
             80               0
             90               0
            100               0
            110               0
            120               0
            130               0
            140               0
            150               0
            160               0
            170               0
            180               0
            190               0
            200               0
            210               0
            220               0
            230               0
            240               0
            250               0
            260               0
            270               0
            280               0
            290               0
            300               0
            310               0
            320               0
            330               0
            340               0
            350               0
            360               0
            370               0
            380               0
            390               0
            400               0
            410               0
            420               0
            430               0
            440               0
            450               0
            460               0
            470               0
            480               0
            490               0
            500               0
            510               0
            520               0
            530               0
            540               0
            550               0
            560               0
            570               0
            580               0
            590               0
            600               0


result at time = 2.9718e-07 
              0               0
             10               0
             20               0
             30               0
             40               0
             50               0
             60               0
             70               0
             80               0
             90               0
            100               0
            110               0
            120               0
            130               0
            140               0
            150               0
            160               0
            170               0
            180               0
            190               0
            200               0
            210               0
            220               0
            230               0
            240               0
            250               0
            260               0
            270               0
            280               0
            290               0
            300               0
            310               0
            320               0
            330               0
            340               0
            350               0
            360               0
            370               0
            380               0
            390               0
            400               0
            410               0
            420               0
            430               0
            440               0
            450               0
            460               0
            470               0
            480               0
            490               0
            500               0
            510               0
            520               0
            530               0
            540               0
            550               0
            560               0
            570               0
            580               0
            590               0
            600               0


result at time = 3.184e-07 
              0               0
             10               0
             20               0
             30               0
             40               0
             50               0
             60               0
             70               0
             80               0
             90               0
            100               0
            110               0
            120               0
            130               0
            140               0
            150               0
            160               0
            170               0
            180               0
            190               0
            200               0
            210               0
            220               0
            230               0
            240               0
            250               0
            260               0
            270               0
            280               0
            290               0
            300               0
            310               0
            320               0
            330               0
            340               0
            350               0
            360               0
            370               0
            380               0
            390               0
            400               0
            410               0
            420               0
            430               0
            440               0
            450               0
            460               0
            470               0
            480               0
            490               0
            500               0
            510               0
            520               0
            530               0
            540               0
            550               0
            560               0
            570               0
            580               0
            590               0
            600               0


result at time = 3.3963e-07 
              0               0
             10               0
             20               0
             30               0
             40               0
             50               0
             60               0
             70               0
             80               0
             90               0
            100               0
            110               0
            120               0
            130               0
            140               0
            150               0
            160               0
            170               0
            180               0
            190               0
            200               0
            210               0
            220               0
            230               0
            240               0
            250               0
            260               0
            270               0
            280               0
            290               0
            300               0
            310               0
            320               0
            330               0
            340               0
            350               0
            360               0
            370               0
            380               0
            390               0
            400               0
            410               0
            420               0
            430               0
            440               0
            450               0
            460               0
            470               0
            480               0
            490               0
            500               0
            510               0
            520               0
            530               0
            540               0
            550               0
            560               0
            570               0
            580               0
            590               0
            600               0


result at time = 3.6086e-07 
              0               0
             10               0
             20               0
             30               0
             40               0
             50               0
             60               0
             70               0
             80               0
             90               0
            100               0
            110               0
            120               0
            130               0
            140               0
            150               0
            160               0
            170               0
            180               0
            190               0
            200               0
            210               0
            220               0
            230               0
            240               0
            250               0
            260               0
            270               0
            280               0
            290               0
            300               0
            310               0
            320               0
            330               0
            340               0
            350               0
            360               0
            370               0
            380               0
            390               0
            400               0
            410               0
            420               0
            430               0
            440               0
            450               0
            460               0
            470               0
            480               0
            490               0
            500               0
            510               0
            520               0
            530               0
            540               0
            550               0
            560               0
            570               0
            580               0
            590               0
            600               0


result at time = 3.8209e-07 
              0               0
             10               0
             20               0
             30               0
             40               0
             50               0
             60               0
             70               0
             80               0
             90               0
            100               0
            110               0
            120               0
            130               0
            140               0
            150               0
            160               0
            170               0
            180               0
            190               0
            200               0
            210               0
            220               0
            230               0
            240               0
            250               0
            260               0
            270               0
            280               0
            290               0
            300               0
            310               0
            320               0
            330               0
            340               0
            350               0
            360               0
            370               0
            380               0
            390               0
            400               0
            410               0
            420               0
            430               0
            440               0
            450               0
            460               0
            470               0
            480               0
            490               0
            500               0
            510               0
            520               0
            530               0
            540               0
            550               0
            560               0
            570               0
            580               0
            590               0
            600               0


result at time = 4.0331e-07 
              0               0
             10               0
             20               0
             30               0
             40               0
             50               0
             60               0
             70               0
             80               0
             90               0
            100               0
            110               0
            120               0
            130               0
            140               0
            150               0
            160               0
            170               0
            180               0
            190               0
            200               0
            210               0
            220               0
            230               0
            240               0
            250               0
            260               0
            270               0
            280               0
            290               0
            300               0
            310               0
            320               0
            330               0
            340               0
            350               0
            360               0
            370               0
            380               0
            390               0
            400               0
            410               0
            420               0
            430               0
            440               0
            450               0
            460               0
            470               0
            480               0
            490               0
            500               0
            510               0
            520               0
            530               0
            540               0
            550               0
            560               0
            570               0
            580               0
            590               0
            600               0


result at time = 4.2454e-07 
              0               0
             10               0
             20               0
             30               0
             40               0
             50               0
             60               0
             70               0
             80               0
             90               0
            100               0
            110               0
            120               0
            130               0
            140               0
            150               0
            160               0
            170               0
            180               0
            190               0
            200               0
            210               0
            220               0
            230               0
            240               0
            250               0
            260               0
            270               0
            280               0
            290               0
            300               0
            310               0
            320               0
            330               0
            340               0
            350               0
            360               0
            370               0
            380               0
            390               0
            400               0
            410               0
            420               0
            430               0
            440               0
            450               0
            460               0
            470               0
            480               0
            490               0
            500               0
            510               0
            520               0
            530               0
            540               0
            550               0
            560               0
            570               0
            580               0
            590               0
            600               0


result at time = 4.4577e-07 
              0               0
             10               0
             20               0
             30               0
             40               0
             50               0
             60               0
             70               0
             80               0
             90               0
            100               0
            110               0
            120               0
            130               0
            140               0
            150               0
            160               0
            170               0
            180               0
            190               0
            200               0
            210               0
            220               0
            230               0
            240               0
            250               0
            260               0
            270               0
            280               0
            290               0
            300               0
            310               0
            320               0
            330               0
            340               0
            350               0
            360               0
            370               0
            380               0
            390               0
            400               0
            410               0
            420               0
            430               0
            440               0
            450               0
            460               0
            470               0
            480               0
            490               0
            500               0
            510               0
            520               0
            530               0
            540               0
            550               0
            560               0
            570               0
            580               0
            590               0
            600               0


result at time = 4.6699e-07 
              0               0
             10               0
             20               0
             30               0
             40               0
             50               0
             60               0
             70               0
             80               0
             90               0
            100               0
            110               0
            120               0
            130               0
            140               0
            150               0
            160               0
            170               0
            180               0
            190               0
            200               0
            210               0
            220               0
            230               0
            240               0
            250               0
            260               0
            270               0
            280               0
            290               0
            300               0
            310               0
            320               0
            330               0
            340               0
            350               0
            360               0
            370               0
            380               0
            390               0
            400               0
            410               0
            420               0
            430               0
            440               0
            450               0
            460               0
            470               0
            480               0
            490               0
            500               0
            510               0
            520               0
            530               0
            540               0
            550               0
            560               0
            570               0
            580               0
            590               0
            600               0


result at time = 4.8822e-07 
              0               0
             10               0
             20               0
             30               0
             40               0
             50               0
             60               0
             70               0
             80               0
             90               0
            100               0
            110               0
            120               0
            130               0
            140               0
            150               0
            160               0
            170               0
            180               0
            190               0
            200               0
            210               0
            220               0
            230               0
            240               0
            250               0
            260               0
            270               0
            280               0
            290               0
            300               0
            310               0
            320               0
            330               0
            340               0
            350               0
            360               0
            370               0
            380               0
            390               0
            400               0
            410               0
            420               0
            430               0
            440               0
            450               0
            460               0
            470               0
            480               0
            490               0
            500               0
            510               0
            520               0
            530               0
            540               0
            550               0
            560               0
            570               0
            580               0
            590               0
            600               0


result at time = 5.0945e-07 
              0               0
             10               0
             20               0
             30               0
             40               0
             50               0
             60               0
             70               0
             80               0
             90               0
            100               0
            110               0
            120               0
            130               0
            140               0
            150               0
            160               0
            170               0
            180               0
            190               0
            200               0
            210               0
            220               0
            230               0
            240               0
            250               0
            260               0
            270               0
            280               0
            290               0
            300               0
            310               0
            320               0
            330               0
            340               0
            350               0
            360               0
            370               0
            380               0
            390               0
            400               0
            410               0
            420               0
            430               0
            440               0
            450               0
            460               0
            470               0
            480               0
            490               0
            500               0
            510               0
            520               0
            530               0
            540               0
            550               0
            560               0
            570               0
            580               0
            590               0
            600               0


result at time = 5.3068e-07 
              0               0
             10               0
             20               0
             30               0
             40               0
             50               0
             60               0
             70               0
             80               0
             90               0
            100               0
            110               0
            120               0
            130               0
            140               0
            150               0
            160               0
            170               0
            180               0
            190               0
            200               0
            210               0
            220               0
            230               0
            240               0
            250               0
            260               0
            270               0
            280               0
            290               0
            300               0
            310               0
            320               0
            330               0
            340               0
            350               0
            360               0
            370               0
            380               0
            390               0
            400               0
            410               0
            420               0
            430               0
            440               0
            450               0
            460               0
            470               0
            480               0
            490               0
            500               0
            510               0
            520               0
            530               0
            540               0
            550               0
            560               0
            570               0
            580               0
            590               0
            600               0


result at time = 5.519e-07 
              0               0
             10               0
             20               0
             30               0
             40               0
             50               0
             60               0
             70               0
             80               0
             90               0
            100               0
            110               0
            120               0
            130               0
            140               0
            150               0
            160               0
            170               0
            180               0
            190               0
            200               0
            210               0
            220               0
            230               0
            240               0
            250               0
            260               0
            270               0
            280               0
            290               0
            300               0
            310               0
            320               0
            330               0
            340               0
            350               0
            360               0
            370               0
            380               0
            390               0
            400               0
            410               0
            420               0
            430               0
            440               0
            450               0
            460               0
            470               0
            480               0
            490               0
            500               0
            510               0
            520               0
            530               0
            540               0
            550               0
            560               0
            570               0
            580               0
            590               0
            600               0


result at time = 5.7313e-07 
              0               0
             10               0
             20               0
             30               0
             40               0
             50               0
             60               0
             70               0
             80               0
             90               0
            100               0
            110               0
            120               0
            130               0
            140               0
            150               0
            160               0
            170               0
            180               0
            190               0
            200               0
            210               0
            220               0
            230               0
            240               0
            250               0
            260               0
            270               0
            280               0
            290               0
            300               0
            310               0
            320               0
            330               0
            340               0
            350               0
            360               0
            370               0
            380               0
            390               0
            400               0
            410               0
            420               0
            430               0
            440               0
            450               0
            460               0
            470               0
            480               0
            490               0
            500               0
            510               0
            520               0
            530               0
            540               0
            550               0
            560               0
            570               0
            580               0
            590               0
            600               0


result at time = 5.9436e-07 
              0               0
             10               0
             20               0
             30               0
             40               0
             50               0
             60               0
             70               0
             80               0
             90               0
            100               0
            110               0
            120               0
            130               0
            140               0
            150               0
            160               0
            170               0
            180               0
            190               0
            200               0
            210               0
            220               0
            230               0
            240               0
            250               0
            260               0
            270               0
            280               0
            290               0
            300               0
            310               0
            320               0
            330               0
            340               0
            350               0
            360               0
            370               0
            380               0
            390               0
            400               0
            410               0
            420               0
            430               0
            440               0
            450               0
            460               0
            470               0
            480               0
            490               0
            500               0
            510               0
            520               0
            530               0
            540               0
            550               0
            560               0
            570               0
            580               0
            590               0
            600               0


result at time = 6.1558e-07 
              0               0
             10               0
             20               0
             30               0
             40               0
             50               0
             60               0
             70               0
             80               0
             90               0
            100               0
            110               0
            120               0
            130               0
            140               0
            150               0
            160               0
            170               0
            180               0
            190               0
            200               0
            210               0
            220               0
            230               0
            240               0
            250               0
            260               0
            270               0
            280               0
            290               0
            300               0
            310               0
            320               0
            330               0
            340               0
            350               0
            360               0
            370               0
            380               0
            390               0
            400               0
            410               0
            420               0
            430               0
            440               0
            450               0
            460               0
            470               0
            480               0
            490               0
            500               0
            510               0
            520               0
            530               0
            540               0
            550               0
            560               0
            570               0
            580               0
            590               0
            600               0


result at time = 6.3681e-07 
              0               0
             10               0
             20               0
             30               0
             40               0
             50               0
             60               0
             70               0
             80               0
             90               0
            100               0
            110               0
            120               0
            130               0
            140               0
            150               0
            160               0
            170               0
            180               0
            190               0
            200               0
            210               0
            220               0
            230               0
            240               0
            250               0
            260               0
            270               0
            280               0
            290               0
            300               0
            310               0
            320               0
            330               0
            340               0
            350               0
            360               0
            370               0
            380               0
            390               0
            400               0
            410               0
            420               0
            430               0
            440               0
            450               0
            460               0
            470               0
            480               0
            490               0
            500               0
            510               0
            520               0
            530               0
            540               0
            550               0
            560               0
            570               0
            580               0
            590               0
            600               0


result at time = 6.5804e-07 
              0               0
             10               0
             20               0
             30               0
             40               0
             50               0
             60               0
             70               0
             80               0
             90               0
            100               0
            110               0
            120               0
            130               0
            140               0
            150               0
            160               0
            170               0
            180               0
            190               0
            200               0
            210               0
            220               0
            230               0
            240               0
            250               0
            260               0
            270               0
            280               0
            290               0
            300               0
            310               0
            320               0
            330               0
            340               0
            350               0
            360               0
            370               0
            380               0
            390               0
            400               0
            410               0
            420               0
            430               0
            440               0
            450               0
            460               0
            470               0
            480               0
            490               0
            500               0
            510               0
            520               0
            530               0
            540               0
            550               0
            560               0
            570               0
            580               0
            590               0
            600               0


result at time = 6.7926e-07 
              0               0
             10               0
             20               0
             30               0
             40               0
             50               0
             60               0
             70               0
             80               0
             90               0
            100               0
            110               0
            120               0
            130               0
            140               0
            150               0
            160               0
            170               0
            180               0
            190               0
            200               0
            210               0
            220               0
            230               0
            240               0
            250               0
            260               0
            270               0
            280               0
            290               0
            300               0
            310               0
            320               0
            330               0
            340               0
            350               0
            360               0
            370               0
            380               0
            390               0
            400               0
            410               0
            420               0
            430               0
            440               0
            450               0
            460               0
            470               0
            480               0
            490               0
            500               0
            510               0
            520               0
            530               0
            540               0
            550               0
            560               0
            570               0
            580               0
            590               0
            600               0


result at time = 7.0049e-07 
              0               0
             10               0
             20               0
             30               0
             40               0
             50               0
             60               0
             70               0
             80               0
             90               0
            100               0
            110               0
            120               0
            130               0
            140               0
            150               0
            160               0
            170               0
            180               0
            190               0
            200               0
            210               0
            220               0
            230               0
            240               0
            250               0
            260               0
            270               0
            280               0
            290               0
            300               0
            310               0
            320               0
            330               0
            340               0
            350               0
            360               0
            370               0
            380               0
            390               0
            400               0
            410               0
            420               0
            430               0
            440               0
            450               0
            460               0
            470               0
            480               0
            490               0
            500               0
            510               0
            520               0
            530               0
            540               0
            550               0
            560               0
            570               0
            580               0
            590               0
            600               0


result at time = 7.2172e-07 
              0               0
             10               0
             20               0
             30               0
             40               0
             50               0
             60               0
             70               0
             80               0
             90               0
            100               0
            110               0
            120               0
            130               0
            140               0
            150               0
            160               0
            170               0
            180               0
            190               0
            200               0
            210               0
            220               0
            230               0
            240               0
            250               0
            260               0
            270               0
            280               0
            290               0
            300               0
            310               0
            320               0
            330               0
            340               0
            350               0
            360               0
            370               0
            380               0
            390               0
            400               0
            410               0
            420               0
            430               0
            440               0
            450               0
            460               0
            470               0
            480               0
            490               0
            500               0
            510               0
            520               0
            530               0
            540               0
            550               0
            560               0
            570               0
            580               0
            590               0
            600               0


result at time = 7.4294e-07 
              0               0
             10               0
             20               0
             30               0
             40               0
             50               0
             60               0
             70               0
             80               0
             90               0
            100               0
            110               0
            120               0
            130               0
            140               0
            150               0
            160               0
            170               0
            180               0
            190               0
            200               0
            210               0
            220               0
            230               0
            240               0
            250               0
            260               0
            270               0
            280               0
            290               0
            300               0
            310               0
            320               0
            330               0
            340               0
            350               0
            360               0
            370               0
            380               0
            390               0
            400               0
            410               0
            420               0
            430               0
            440               0
            450               0
            460               0
            470               0
            480               0
            490               0
            500               0
            510               0
            520               0
            530               0
            540               0
            550               0
            560               0
            570               0
            580               0
            590               0
            600               0


result at time = 7.6417e-07 
              0               0
             10               0
             20               0
             30               0
             40               0
             50               0
             60               0
             70               0
             80               0
             90               0
            100               0
            110               0
            120               0
            130               0
            140               0
            150               0
            160               0
            170               0
            180               0
            190               0
            200               0
            210               0
            220               0
            230               0
            240               0
            250               0
            260               0
            270               0
            280               0
            290               0
            300               0
            310               0
            320               0
            330               0
            340               0
            350               0
            360               0
            370               0
            380               0
            390               0
            400               0
            410               0
            420               0
            430               0
            440               0
            450               0
            460               0
            470               0
            480               0
            490               0
            500               0
            510               0
            520               0
            530               0
            540               0
            550               0
            560               0
            570               0
            580               0
            590               0
            600               0


result at time = 7.854e-07 
              0               0
             10               0
             20               0
             30               0
             40               0
             50               0
             60               0
             70               0
             80               0
             90               0
            100               0
            110               0
            120               0
            130               0
            140               0
            150               0
            160               0
            170               0
            180               0
            190               0
            200               0
            210               0
            220               0
            230               0
            240               0
            250               0
            260               0
            270               0
            280               0
            290               0
            300               0
            310               0
            320               0
            330               0
            340               0
            350               0
            360               0
            370               0
            380               0
            390               0
            400               0
            410               0
            420               0
            430               0
            440               0
            450               0
            460               0
            470               0
            480               0
            490               0
            500               0
            510               0
            520               0
            530               0
            540               0
            550               0
            560               0
            570               0
            580               0
            590               0
            600               0


result at time = 8.0663e-07 
              0               0
             10               0
             20               0
             30               0
             40               0
             50               0
             60               0
             70               0
             80               0
             90               0
            100               0
            110               0
            120               0
            130               0
            140               0
            150               0
            160               0
            170               0
            180               0
            190               0
            200               0
            210               0
            220               0
            230               0
            240               0
            250               0
            260               0
            270               0
            280               0
            290               0
            300               0
            310               0
            320               0
            330               0
            340               0
            350               0
            360               0
            370               0
            380               0
            390               0
            400               0
            410               0
            420               0
            430               0
            440               0
            450               0
            460               0
            470               0
            480               0
            490               0
            500               0
            510               0
            520               0
            530               0
            540               0
            550               0
            560               0
            570               0
            580               0
            590               0
            600               0


result at time = 8.2785e-07 
              0               0
             10               0
             20               0
             30               0
             40               0
             50               0
             60               0
             70               0
             80               0
             90               0
            100               0
            110               0
            120               0
            130               0
            140               0
            150               0
            160               0
            170               0
            180               0
            190               0
            200               0
            210               0
            220               0
            230               0
            240               0
            250               0
            260               0
            270               0
            280               0
            290               0
            300               0
            310               0
            320               0
            330               0
            340               0
            350               0
            360               0
            370               0
            380               0
            390               0
            400               0
            410               0
            420               0
            430               0
            440               0
            450               0
            460               0
            470               0
            480               0
            490               0
            500               0
            510               0
            520               0
            530               0
            540               0
            550               0
            560               0
            570               0
            580               0
            590               0
            600               0


result at time = 8.4908e-07 
              0               0
             10               0
             20               0
             30               0
             40               0
             50               0
             60               0
             70               0
             80               0
             90               0
            100               0
            110               0
            120               0
            130               0
            140               0
            150               0
            160               0
            170               0
            180               0
            190               0
            200               0
            210               0
            220               0
            230               0
            240               0
            250               0
            260               0
            270               0
            280               0
            290               0
            300               0
            310               0
            320               0
            330               0
            340               0
            350               0
            360               0
            370               0
            380               0
            390               0
            400               0
            410               0
            420               0
            430               0
            440               0
            450               0
            460               0
            470               0
            480               0
            490               0
            500               0
            510               0
            520               0
            530               0
            540               0
            550               0
            560               0
            570               0
            580               0
            590               0
            600               0


result at time = 8.7031e-07 
              0               0
             10               0
             20               0
             30               0
             40               0
             50               0
             60               0
             70               0
             80               0
             90               0
            100               0
            110               0
            120               0
            130               0
            140               0
            150               0
            160               0
            170               0
            180               0
            190               0
            200               0
            210               0
            220               0
            230               0
            240               0
            250               0
            260               0
            270               0
            280               0
            290               0
            300               0
            310               0
            320               0
            330               0
            340               0
            350               0
            360               0
            370               0
            380               0
            390               0
            400               0
            410               0
            420               0
            430               0
            440               0
            450               0
            460               0
            470               0
            480               0
            490               0
            500               0
            510               0
            520               0
            530               0
            540               0
            550               0
            560               0
            570               0
            580               0
            590               0
            600               0


result at time = 8.9153e-07 
              0               0
             10               0
             20               0
             30               0
             40               0
             50               0
             60               0
             70               0
             80               0
             90               0
            100               0
            110               0
            120               0
            130               0
            140               0
            150               0
            160               0
            170               0
            180               0
            190               0
            200               0
            210               0
            220               0
            230               0
            240               0
            250               0
            260               0
            270               0
            280               0
            290               0
            300               0
            310               0
            320               0
            330               0
            340               0
            350               0
            360               0
            370               0
            380               0
            390               0
            400               0
            410               0
            420               0
            430               0
            440               0
            450               0
            460               0
            470               0
            480               0
            490               0
            500               0
            510               0
            520               0
            530               0
            540               0
            550               0
            560               0
            570               0
            580               0
            590               0
            600               0


result at time = 9.1276e-07 
              0               0
             10               0
             20               0
             30               0
             40               0
             50               0
             60               0
             70               0
             80               0
             90               0
            100               0
            110               0
            120               0
            130               0
            140               0
            150               0
            160               0
            170               0
            180               0
            190               0
            200               0
            210               0
            220               0
            230               0
            240               0
            250               0
            260               0
            270               0
            280               0
            290               0
            300               0
            310               0
            320               0
            330               0
            340               0
            350               0
            360               0
            370               0
            380               0
            390               0
            400               0
            410               0
            420               0
            430               0
            440               0
            450               0
            460               0
            470               0
            480               0
            490               0
            500               0
            510               0
            520               0
            530               0
            540               0
            550               0
            560               0
            570               0
            580               0
            590               0
            600               0


result at time = 9.3399e-07 
              0               0
             10               0
             20               0
             30               0
             40               0
             50               0
             60               0
             70               0
             80               0
             90               0
            100               0
            110               0
            120               0
            130               0
            140               0
            150               0
            160               0
            170               0
            180               0
            190               0
            200               0
            210               0
            220               0
            230               0
            240               0
            250               0
            260               0
            270               0
            280               0
            290               0
            300               0
            310               0
            320               0
            330               0
            340               0
            350               0
            360               0
            370               0
            380               0
            390               0
            400               0
            410               0
            420               0
            430               0
            440               0
            450               0
            460               0
            470               0
            480               0
            490               0
            500               0
            510               0
            520               0
            530               0
            540               0
            550               0
            560               0
            570               0
            580               0
            590               0
            600               0


result at time = 9.5521e-07 
              0               0
             10               0
             20               0
             30               0
             40               0
             50               0
             60               0
             70               0
             80               0
             90               0
            100               0
            110               0
            120               0
            130               0
            140               0
            150               0
            160               0
            170               0
            180               0
            190               0
            200               0
            210               0
            220               0
            230               0
            240               0
            250               0
            260               0
            270               0
            280               0
            290               0
            300               0
            310               0
            320               0
            330               0
            340               0
            350               0
            360               0
            370               0
            380               0
            390               0
            400               0
            410               0
            420               0
            430               0
            440               0
            450               0
            460               0
            470               0
            480               0
            490               0
            500               0
            510               0
            520               0
            530               0
            540               0
            550               0
            560               0
            570               0
            580               0
            590               0
            600               0


result at time = 9.7644e-07 
              0               0
             10               0
             20               0
             30               0
             40               0
             50               0
             60               0
             70               0
             80               0
             90               0
            100               0
            110               0
            120               0
            130               0
            140               0
            150               0
            160               0
            170               0
            180               0
            190               0
            200               0
            210               0
            220               0
            230               0
            240               0
            250               0
            260               0
            270               0
            280               0
            290               0
            300               0
            310               0
            320               0
            330               0
            340               0
            350               0
            360               0
            370               0
            380               0
            390               0
            400               0
            410               0
            420               0
            430               0
            440               0
            450               0
            460               0
            470               0
            480               0
            490               0
            500               0
            510               0
            520               0
            530               0
            540               0
            550               0
            560               0
            570               0
            580               0
            590               0
            600               0


result at time = 9.9767e-07 
              0               0
             10               0
             20               0
             30               0
             40               0
             50               0
             60               0
             70               0
             80               0
             90               0
            100               0
            110               0
            120               0
            130               0
            140               0
            150               0
            160               0
            170               0
            180               0
            190               0
            200               0
            210               0
            220               0
            230               0
            240               0
            250               0
            260               0
            270               0
            280               0
            290               0
            300               0
            310               0
            320               0
            330               0
            340               0
            350               0
            360               0
            370               0
            380               0
            390               0
            400               0
            410               0
            420               0
            430               0
            440               0
            450               0
            460               0
            470               0
            480               0
            490               0
            500               0
            510               0
            520               0
            530               0
            540               0
            550               0
            560               0
            570               0
            580               0
            590               0
            600               0


result at time = 1.0189e-06 
              0               0
             10               0
             20               0
             30               0
             40               0
             50               0
             60               0
             70               0
             80               0
             90               0
            100               0
            110               0
            120               0
            130               0
            140               0
            150               0
            160               0
            170               0
            180               0
            190               0
            200               0
            210               0
            220               0
            230               0
            240               0
            250               0
            260               0
            270               0
            280               0
            290               0
            300               0
            310               0
            320               0
            330               0
            340               0
            350               0
            360               0
            370               0
            380               0
            390               0
            400               0
            410               0
            420               0
            430               0
            440               0
            450               0
            460               0
            470               0
            480               0
            490               0
            500               0
            510               0
            520               0
            530               0
            540               0
            550               0
            560               0
            570               0
            580               0
            590               0
            600               0


result at time = 1.0401e-06 
              0               0
             10               0
             20               0
             30               0
             40               0
             50               0
             60               0
             70               0
             80               0
             90               0
            100               0
            110               0
            120               0
            130               0
            140               0
            150               0
            160               0
            170               0
            180               0
            190               0
            200               0
            210               0
            220               0
            230               0
            240               0
            250               0
            260               0
            270               0
            280               0
            290               0
            300               0
            310               0
            320               0
            330               0
            340               0
            350               0
            360               0
            370               0
            380               0
            390               0
            400               0
            410               0
            420               0
            430               0
            440               0
            450               0
            460               0
            470               0
            480               0
            490               0
            500               0
            510               0
            520               0
            530               0
            540               0
            550               0
            560               0
            570               0
            580               0
            590               0
            600               0


result at time = 1.0614e-06 
              0               0
             10               0
             20               0
             30               0
             40               0
             50               0
             60               0
             70               0
             80               0
             90               0
            100               0
            110               0
            120               0
            130               0
            140               0
            150               0
            160               0
            170               0
            180               0
            190               0
            200               0
            210               0
            220               0
            230               0
            240               0
            250               0
            260               0
            270               0
            280               0
            290               0
            300               0
            310               0
            320               0
            330               0
            340               0
            350               0
            360               0
            370               0
            380               0
            390               0
            400               0
            410               0
            420               0
            430               0
            440               0
            450               0
            460               0
            470               0
            480               0
            490               0
            500               0
            510               0
            520               0
            530               0
            540               0
            550               0
            560               0
            570               0
            580               0
            590               0
            600               0


