   161     80      0      0
     1               0      0      0
     2        0.003125      0      0
     3         0.00625      0      0
     4        0.009375      0      0
     5          0.0125      0      0
     6        0.015625      0      0
     7         0.01875      0      0
     8        0.021875      0      0
     9           0.025      0      0
    10        0.028125      0      0
    11         0.03125      0      0
    12        0.034375      0      0
    13          0.0375      0      0
    14        0.040625      0      0
    15         0.04375      0      0
    16        0.046875      0      0
    17            0.05      0      0
    18        0.053125      0      0
    19         0.05625      0      0
    20        0.059375      0      0
    21          0.0625      0      0
    22        0.065625      0      0
    23         0.06875      0      0
    24        0.071875      0      0
    25           0.075      0      0
    26        0.078125      0      0
    27         0.08125      0      0
    28        0.084375      0      0
    29          0.0875      0      0
    30        0.090625      0      0
    31         0.09375      0      0
    32        0.096875      0      0
    33             0.1      0      0
    34        0.103125      0      0
    35         0.10625      0      0
    36        0.109375      0      0
    37          0.1125      0      0
    38        0.115625      0      0
    39         0.11875      0      0
    40        0.121875      0      0
    41           0.125      0      0
    42        0.128125      0      0
    43         0.13125      0      0
    44        0.134375      0      0
    45          0.1375      0      0
    46        0.140625      0      0
    47         0.14375      0      0
    48        0.146875      0      0
    49            0.15      0      0
    50        0.153125      0      0
    51         0.15625      0      0
    52        0.159375      0      0
    53          0.1625      0      0
    54        0.165625      0      0
    55         0.16875      0      0
    56        0.171875      0      0
    57           0.175      0      0
    58        0.178125      0      0
    59         0.18125      0      0
    60        0.184375      0      0
    61          0.1875      0      0
    62        0.190625      0      0
    63         0.19375      0      0
    64        0.196875      0      0
    65             0.2      0      0
    66        0.203125      0      0
    67         0.20625      0      0
    68        0.209375      0      0
    69          0.2125      0      0
    70        0.215625      0      0
    71         0.21875      0      0
    72        0.221875      0      0
    73           0.225      0      0
    74        0.228125      0      0
    75         0.23125      0      0
    76        0.234375      0      0
    77          0.2375      0      0
    78        0.240625      0      0
    79         0.24375      0      0
    80        0.246875      0      0
    81            0.25      0      0
    82        0.253125      0      0
    83         0.25625      0      0
    84        0.259375      0      0
    85          0.2625      0      0
    86        0.265625      0      0
    87         0.26875      0      0
    88        0.271875      0      0
    89           0.275      0      0
    90        0.278125      0      0
    91         0.28125      0      0
    92        0.284375      0      0
    93          0.2875      0      0
    94        0.290625      0      0
    95         0.29375      0      0
    96        0.296875      0      0
    97             0.3      0      0
    98        0.303125      0      0
    99         0.30625      0      0
   100        0.309375      0      0
   101          0.3125      0      0
   102        0.315625      0      0
   103         0.31875      0      0
   104        0.321875      0      0
   105           0.325      0      0
   106        0.328125      0      0
   107         0.33125      0      0
   108        0.334375      0      0
   109          0.3375      0      0
   110        0.340625      0      0
   111         0.34375      0      0
   112        0.346875      0      0
   113            0.35      0      0
   114        0.353125      0      0
   115         0.35625      0      0
   116        0.359375      0      0
   117          0.3625      0      0
   118        0.365625      0      0
   119         0.36875      0      0
   120        0.371875      0      0
   121           0.375      0      0
   122        0.378125      0      0
   123         0.38125      0      0
   124        0.384375      0      0
   125          0.3875      0      0
   126        0.390625      0      0
   127         0.39375      0      0
   128        0.396875      0      0
   129             0.4      0      0
   130        0.403125      0      0
   131         0.40625      0      0
   132        0.409375      0      0
   133          0.4125      0      0
   134        0.415625      0      0
   135         0.41875      0      0
   136        0.421875      0      0
   137           0.425      0      0
   138        0.428125      0      0
   139         0.43125      0      0
   140        0.434375      0      0
   141          0.4375      0      0
   142        0.440625      0      0
   143         0.44375      0      0
   144        0.446875      0      0
   145            0.45      0      0
   146        0.453125      0      0
   147         0.45625      0      0
   148        0.459375      0      0
   149          0.4625      0      0
   150        0.465625      0      0
   151         0.46875      0      0
   152        0.471875      0      0
   153           0.475      0      0
   154        0.478125      0      0
   155         0.48125      0      0
   156        0.484375      0      0
   157          0.4875      0      0
   158        0.490625      0      0
   159         0.49375      0      0
   160        0.496875      0      0
   161             0.5      0      0
     1      1      2      3
     2      3      4      5
     3      5      6      7
     4      7      8      9
     5      9     10     11
     6     11     12     13
     7     13     14     15
     8     15     16     17
     9     17     18     19
    10     19     20     21
    11     21     22     23
    12     23     24     25
    13     25     26     27
    14     27     28     29
    15     29     30     31
    16     31     32     33
    17     33     34     35
    18     35     36     37
    19     37     38     39
    20     39     40     41
    21     41     42     43
    22     43     44     45
    23     45     46     47
    24     47     48     49
    25     49     50     51
    26     51     52     53
    27     53     54     55
    28     55     56     57
    29     57     58     59
    30     59     60     61
    31     61     62     63
    32     63     64     65
    33     65     66     67
    34     67     68     69
    35     69     70     71
    36     71     72     73
    37     73     74     75
    38     75     76     77
    39     77     78     79
    40     79     80     81
    41     81     82     83
    42     83     84     85
    43     85     86     87
    44     87     88     89
    45     89     90     91
    46     91     92     93
    47     93     94     95
    48     95     96     97
    49     97     98     99
    50     99    100    101
    51    101    102    103
    52    103    104    105
    53    105    106    107
    54    107    108    109
    55    109    110    111
    56    111    112    113
    57    113    114    115
    58    115    116    117
    59    117    118    119
    60    119    120    121
    61    121    122    123
    62    123    124    125
    63    125    126    127
    64    127    128    129
    65    129    130    131
    66    131    132    133
    67    133    134    135
    68    135    136    137
    69    137    138    139
    70    139    140    141
    71    141    142    143
    72    143    144    145
    73    145    146    147
    74    147    148    149
    75    149    150    151
    76    151    152    153
    77    153    154    155
    78    155    156    157
    79    157    158    159
    80    159    160    161
     1               1      0      0
     2               1      0      0
     3               1      0      0
     4               1      0      0
     5               1      0      0
     6               1      0      0
     7               1      0      0
     8               1      0      0
     9               5      0      0
    10               5      0      0
    11               5      0      0
    12               5      0      0
    13               5      0      0
    14               5      0      0
    15               5      0      0
    16               5      0      0
    17               5      0      0
    18               5      0      0
    19               5      0      0
    20               5      0      0
    21               5      0      0
    22               5      0      0
    23               5      0      0
    24               5      0      0
    25               5      0      0
    26               5      0      0
    27               5      0      0
    28               5      0      0
    29               5      0      0
    30               5      0      0
    31               5      0      0
    32               5      0      0
    33               5      0      0
    34               5      0      0
    35               5      0      0
    36               5      0      0
    37               5      0      0
    38               5      0      0
    39               5      0      0
    40               5      0      0
    41               5      0      0
    42               5      0      0
    43               5      0      0
    44               5      0      0
    45               5      0      0
    46               5      0      0
    47               5      0      0
    48               5      0      0
    49               5      0      0
    50               5      0      0
    51               5      0      0
    52               5      0      0
    53               5      0      0
    54               5      0      0
    55               5      0      0
    56               5      0      0
    57               5      0      0
    58               5      0      0
    59               5      0      0
    60               5      0      0
    61               5      0      0
    62               5      0      0
    63               5      0      0
    64               5      0      0
    65               5      0      0
    66               5      0      0
    67               5      0      0
    68               5      0      0
    69               5      0      0
    70               5      0      0
    71               5      0      0
    72               5      0      0
    73               1      0      0
    74               1      0      0
    75               1      0      0
    76               1      0      0
    77               1      0      0
    78               1      0      0
    79               1      0      0
    80               1      0      0
